площа	окружність	дов. головної осі	дфаметр Фарета

1252.5	15739.38	46.148719787597656	39.93410234099161
1024	12867.96	42.155094146728516	36.1081333470564
1590	19980.53	51.963775634765625	44.99389820996741
1293	16248.32	47.36883544921875	40.57460697705605
1725	21676.99	53.88042068481445	46.865106579076034
1257	15795.93	53.59624099731445	40.005775929634204
687	8633.1	37.329322814941406	29.575590733458846
2101	26401.94	59.58793640136719	51.72113961900469
1713	21526.19	53.92174530029297	46.70181302831116
1288.5	16191.77	48.430137634277344	40.50393997367734
1375.5	17285.04	49.95947265625	41.84902619874465
914.5	11491.95	39.483375549316406	34.12297706326789
2004	25183.01	60.372737884521484	50.51308788471822
1975	24818.58	50.33689880371094	50.14626706796774
1349	16952.03	51.116519927978516	41.44393979640129
2040	25635.4	61.819332122802734	50.964778732569144
1608	20206.72	54.06510925292969	45.247863904654565
1027	12905.66	41.9653434753418	36.16098743733379
1149.5	14445.04	47.51459884643555	38.256879860661265
1085.5	13640.8	45.092437744140625	37.17662606813614
1013	12729.73	42.91168975830078	35.91366952591617
1192	14979.11	48.559635162353516	38.95768906550174
964	12113.98	40.63217544555664	35.03431062722223
1043	13106.72	44.50684356689453	36.44158126589425
1310.5	16468.23	48.614166259765625	40.84826095901062
1439.5	18089.29	51.862850189208984	42.811544291770964
1271.5	15978.14	50.042694091796875	40.23585566544794
1166	14652.39	46.94236373901367	38.530472475187736
1686	21186.9	55.018123626708984	46.33229837190774
1664	20910.44	56.73152542114258	46.029019134012735
1039	13056.46	44.10532760620117	36.371635747926355
1301.5	16355.13	49.63225173950195	40.70775438995394
1478	18573.1	53.76715850830078	43.380272556988054
1298	16311.15	50.122901916503906	40.65298179797198
975.5	12258.49	41.357383728027344	35.242661305428555
1450.5	18227.52	52.966102600097656	42.97480610355739
1374.5	17272.48	51.69982147216797	41.83381113690792
1127	14162.3	37.96906280517578	37.88061465864207
1157	14539.29	38.602840423583984	38.381481905452574
1159	14564.42	38.74119567871094	38.414640859287665
2106	26464.78	63.740482330322266	51.782646525764335
930	11686.72	43.32304382324219	34.41093978088511
934.5	11743.27	48.72426986694336	34.49409158906797
1261	15846.19	48.27897644042969	40.06937815727916
1108	13923.54	44.15654754638672	37.55994429663814
814.5	10235.31	38.77094268798828	32.20331674201883
1102	13848.14	43.431400299072266	37.45810964661924
938.5	11793.54	43.523460388183594	34.56783639069634
521.5	6553.36	29.745800018310547	25.768089230274473
1115.5	14017.79	43.828609466552734	37.686850653139935
1497	18811.86	50.26423645019531	43.65821341361255
1152	14476.46	44.32890319824219	38.298458918537534
983	12352.74	44.45594787597656	35.37788111906457
1533.5	19270.53	51.11385726928711	44.187247502547294
956	12013.45	38.74732971191406	34.88863718700998
1068.5	13427.17	40.767120361328125	36.88436597732868
1888	23725.31	56.41777038574219	49.02934081200753
1310.5	16468.23	51.1195068359375	40.84826095901062
874	10983.01	41.45644760131836	33.35882734897215
1274	16009.56	46.5560188293457	40.27539174226115
932	11711.86	39.97037124633789	34.44792091974742
1939	24366.19	55.99784469604492	49.68713593317168
1384	17391.86	43.020755767822266	41.97813156768016
946.5	11894.07	38.55819320678711	34.71485602867786
1712	21513.63	53.99749755859375	46.68817945247596
879	11045.84	38.75138854980469	33.454111254406506
1017.5	12786.28	45.0013542175293	35.99334989644654
1161	14589.56	44.37609100341797	38.44777121547521
853	10719.11	38.060970306396484	32.9556267071208
5040.5	63340.79	90.58406066894531	80.11094759917391
4349.5	54657.43	79.22161865234375	74.41744015904868
4812	60469.38	87.88929748535156	78.27406140775885
3895.5	48952.3	88.10091400146484	70.42659047913527
4054	50944.07	86.63619232177734	71.84506325667999
3795	47689.38	85.99918365478516	69.51218650186414
3421	42989.55	79.55187225341797	65.9981248410816
5804.5	72941.5	97.08165740966797	85.9681274509062
3475.5	43674.42	67.20672607421875	66.52175612329442
4132	51924.24	98.83737182617188	72.53292906567121
4054	50944.07	86.62103271484375	71.84506325667999
5436.5	68317.07	100.58354949951172	83.19835806644691
5207	65433.09	99.14411926269531	81.42332779637536
2628.5	33030.71	77.46257781982422	57.85075750010863
3447	43316.28	78.327880859375	66.24844685501772
2298.5	28883.8	73.66908264160156	54.09751467095112
2979.5	37441.5	74.26583099365234	61.59234711827775
3915.5	49203.62	77.126953125	70.6071486282411
2589	32534.33	64.90778350830078	57.414433562644646
3219	40451.15	77.44149780273438	64.01998199392506
2521.5	31686.1	64.02954864501953	56.66104051329902
3055.5	38396.55	75.44510650634766	62.37293827404871
2636	33124.95	69.80233764648438	57.93323260376456
7298	91709.37	119.20357513427734	96.39555071411344
3029.5	38069.82	70.12384796142578	62.10699800163566
5082	63862.3	107.30748748779297	80.44006070574596
4725	59376.1	93.48796844482422	77.56324418739615
4986.5	62662.21	89.8244400024414	79.68066885902684
2633.5	33093.54	65.54612731933594	57.905753954680975
4048	50868.67	81.15980529785156	71.79187751471568
3227	40551.68	72.12236022949219	64.09948526205473
3819	47990.97	92.87527465820312	69.73164146457178
2702	33954.33	67.12930297851562	58.654013075614955
3424.5	43033.54	81.49475860595703	66.03187730896013
3431.5	43121.5	79.716552734375	66.09933053941401
3136	39408.14	83.47801208496094	63.189233357348705
3280	41217.7	80.95207214355469	64.62372402400943
2315	29091.15	66.56404876708984	54.2913395125033
3731.5	46891.41	84.25897216796875	68.92817537973322
4317	54249.02	100.80529022216797	74.13889070266494
3213	40375.75	96.77616119384766	63.96028969004188
2887	36279.11	73.2329330444336	60.62872723099517
5073.5	63755.48	92.84056091308594	80.37276174310453
4063.5	51063.45	76.27336883544922	71.92919358668867
4725	59376.1	113.78522491455078	77.56324418739615
3659	45980.35	80.76468658447266	68.25528180431138
4940.5	62084.15	102.37970733642578	79.3122939446595
4860.5	61078.84	101.40570831298828	78.66753337422789
5953	74807.6	103.3336181640625	87.06086956726554
5776.5	72589.64	111.60064697265625	85.76052839251089
2920	36693.8	78.8768081665039	60.97425252208243
3801	47764.77	69.84764862060547	69.56711514457355
1492.5	18755.31	53.850830078125	43.592545469578056
2238	28123.54	62.57966995239258	53.38080273953638
1573	19766.9	55.08262634277344	44.752718396410415
1889.5	23744.16	60.56711196899414	49.04881364291179
1352.5	16996.02	51.08300018310547	41.49766841949446
1617	20319.82	56.24922561645508	45.37431370100002
2644.5	33231.77	71.19444274902344	58.02656267652029
2627.5	33018.14	71.18628692626953	57.83975193404308
1770	22242.48	58.658851623535156	47.4724551101082
2581.5	32440.09	70.6026382446289	57.33121213382657
1292	16235.75	50.258811950683594	40.55891383898033
1292	16235.75	50.258811950683594	40.55891383898033
2552.5	32075.66	70.15621948242188	57.008279556012766
2776.5	34890.53	73.10726928710938	59.45712401350388
6820	85702.65	117.95943450927734	93.18526543984198
5997.5	75366.81	110.54832458496094	87.38566340967571
6150	77283.18	111.98253631591797	88.48967849484623
5927.5	74487.16	113.91642761230469	86.87420446494849
5009	62944.95	101.233642578125	79.8602334054843
4697	59024.24	101.35895538330078	77.33308568537181
5897	74103.89	109.7544174194336	86.65041024313304
5266	66174.51	107.21917724609375	81.88332823337952
6113.5	76824.51	115.7528076171875	88.22669639478981
4544.5	57107.87	79.50033569335938	76.06731959947679
6317	79381.76	101.49409484863281	89.68307646424726
4669	58672.38	101.04473114013672	77.1022401384582
3546	44560.35	75.16535949707031	67.19306084433784
5824	73186.54	109.17036437988281	86.11240972436893
5822.5	73167.69	112.86363983154297	86.10131967177091
5256.5	66055.13	92.47176361083984	81.80943507261483
8915	112029.19	131.374267578125	106.54074592058184
2940	36945.13	68.96444702148438	61.18271211315643
4535	56988.49	86.09862518310547	75.9877709593719
4403.5	55336.01	88.17351531982422	74.87796962552663
4109	51635.22	80.61341094970703	72.33077691630848
3976.5	49970.17	82.58277130126953	71.15502125387479
3453.5	43397.96	87.5306167602539	66.31087970870907
4009.5	50384.86	83.6954116821289	71.44966028341656
3028	38050.97	64.43480682373047	62.091620541406975
3791.5	47645.39	86.2238998413086	69.48012473983744
3269.5	41085.75	80.05579376220703	64.52020374666849
5995.5	75341.68	107.69564819335938	87.37109184655796
3953	49674.86	82.29972839355469	70.94445658638946
4697	59024.24	95.66449737548828	77.33308568537181
4481	56309.91	93.1965560913086	75.53400823442553
6803	85489.02	104.5575180053711	93.06905298128541
5757.5	72350.88	99.10330200195312	85.61937093212435
7684	96559.99	111.3779067993164	98.91194397920299
5999	75385.66	92.28707885742188	87.39659048765141
5090.5	63969.11	119.95896911621094	80.50730341077352
4288.5	53890.88	89.4376449584961	73.8937601397895
5486	68939.11	93.98465728759766	83.57626542516184
5061	63598.4	90.42762756347656	80.27369018492085
6188.5	77766.98	108.82613372802734	88.76622624959087
6093.5	76573.18	99.1435317993164	88.0822636280637
7676.5	96465.74	110.99404907226562	98.86366048836892
3723.5	46790.88	85.21714782714844	68.85424783425768
3655	45930.08	83.88025665283203	68.21796344077578
5405	67921.23	101.61647033691406	82.95697522989586
4416	55493.09	75.09607696533203	74.98417052652165
3882	48782.65	79.3375244140625	70.30445158495941
5146	64666.54	98.1146240234375	80.94498562114362
8715.5	109522.2	128.0211944580078	105.3419159315954
7328.5	92092.65	108.6176986694336	96.5967701509302
4694	58986.54	86.91079711914062	77.30838520488481
6780	85199.99	98.24192810058594	92.91159299734562
12427	156162.29	145.4577178955078	125.78770934564261
10268.5	129037.78	120.52561950683594	114.3427315797249
8562.5	107599.55	120.49874877929688	104.41318691523036
8887	111677.34	106.4609375	106.37330414188229
9968.5	125267.87	118.77921295166016	112.66005681559223
9258.5	116345.74	114.58528137207031	108.5738841753877
7488	94096.98	103.09659576416016	97.64229468307727
9859.5	123898.13	129.6002655029297	112.04242630055963
7352	92387.96	112.25993347167969	96.75152263862785
7209	90590.97	95.81087493896484	95.80596994966331
8159	102529.02	118.10515594482422	101.92331159010774
7104.5	89277.78	107.97647094726562	95.10904449930598
6784	85250.26	106.37229919433594	92.93899650568292
7386	92815.21	117.99793243408203	96.9749827399516
6043.5	75944.86	87.76895904541016	87.7201412938155
6635	83377.87	102.95508575439453	91.91269977167359
9173	115271.32	125.44171905517578	108.0713946604542
9822	123426.89	129.6254425048828	111.82915008345887
11688	146875.74	135.4408416748047	121.99026108204123
10953	137639.46	141.9497833251953	118.09230598766474
10419	130929.02	141.14114379882812	115.17761421645987
7678.5	96490.88	125.91167449951172	98.87653839131377
7198.5	90459.02	121.6667251586914	95.7361732198236
9119	114592.73	127.79397583007812	107.75282552415945
7067	88806.54	96.11686706542969	94.85770323301843
11238.5	141227.16	123.96855926513672	119.621497330146
9376.5	117828.57	139.46597290039062	109.26358309706511
11613.5	145939.55	123.68334197998047	121.60085301009123
8334	104728.13	148.5166778564453	103.0105740486036
9231.5	116006.45	126.118896484375	108.41545488177714
4312	54186.19	83.19781494140625	74.09594399761718
7769	97628.13	117.250732421875	99.45751868535369
6244	78464.42	92.6559066772461	89.16337654736027
8384	105356.45	116.8249282836914	103.31911896188238
11139	139976.8	132.14662170410156	119.09078591060258
6752	84848.13	103.94194793701172	92.71954166221822
8866.5	111419.73	123.66082763671875	106.25054552045519
11676	146724.94	141.7465057373047	121.92762166272153
9511.5	119525.03	125.24583435058594	110.04734403768452
14200.5	178448.75	186.66561889648438	134.4642634866665
6646.5	83522.38	104.13221740722656	91.99231834279567
5562	69894.15	97.1224594116211	84.15318382460033
3810.5	47884.16	80.80306243896484	69.65399690766739
10426	131016.98	130.9542694091797	115.21629873159789
8825.5	110904.5	122.4867935180664	106.00460179662097
10501	131959.46	141.7649383544922	115.62996350109233
6973	87625.3	104.55937194824219	94.22472788731359
7613	95667.78	114.03594970703125	98.45391131930104
15209	191121.93	160.68067932128906	139.15710630750084
9394	118048.49	134.552490234375	109.36549859641349
8497.5	106782.73	132.16517639160156	104.01611909404737
7717	96974.68	152.45535278320312	99.1241119340862
9045	113662.82	123.32516479492188	107.31473189702123
5919	74380.35	95.82190704345703	86.81189357045167
6295.5	79111.59	124.3725814819336	89.53032756491075
7644.5	96063.62	125.2674331665039	98.65738542921129
10033.5	126084.68	131.1890106201172	113.02676219418238
13542.5	170180.07	152.30300903320312	131.31201976428486
7339	92224.59	122.44744873046875	96.66594549690889
17658	221896.97	193.38153076171875	149.94286872316903
11946	150117.86	156.3944091796875	123.32931363388938
6455	81115.92	104.74844360351562	90.65738393129087
10019	125902.47	132.0450897216797	112.94506186063026
9225	115924.77	137.56826782226562	108.3772799076535
6137	77119.82	119.61172485351562	88.39610334194428
11666	146599.28	154.43893432617188	121.87539755373275
6983	87750.97	110.29804229736328	94.29226766223009
7802	98042.82	116.4538345336914	99.66852526261106
8038.5	101014.77	118.57808685302734	101.16786090628587
4872.5	61229.64	99.8754653930664	78.76458393035591
7373	92651.85	113.0150146484375	96.88960296818414
11155	140177.86	129.03919982910156	119.17628590252652
8708	109427.96	137.18406677246094	105.29658093002733
6899	86695.39	109.31038665771484	93.72342086761391
12164	152857.33	136.3842315673828	124.44953122514572
8366.5	105136.54	113.15038299560547	103.211233162998
9221	115874.5	126.41985321044922	108.35378093081448
7678	96484.59	99.01809692382812	98.87331907282459
7564	95052.03	124.05220031738281	98.13655749198038
3873.5	48675.84	88.55072784423828	70.22744033874261
6148.5	77264.33	96.8374252319336	88.4788864125456
6642.5	83472.12	108.13787078857422	91.96463274489449
7810	98143.35	109.17216491699219	99.71961113232251
9045	113662.82	131.78860473632812	107.31473189702123
8610.5	108202.73	111.14306640625	104.70543968649442
11129	139851.14	139.8867645263672	119.0373172301763
4868.5	61179.38	101.56344604492188	78.73224703730448
6451	81065.66	116.79438018798828	90.62929053615358
6921	86971.85	116.0750503540039	93.87273773099442
13296.5	167088.75	131.82542419433594	130.1139101194453
5835	73324.77	88.8763656616211	86.19369317722541
8946	112418.75	125.39227294921875	106.72582146416472
7066	88793.97	122.7765884399414	94.85099168220994
6684	83993.62	95.4267578125	92.25146674720044
14770	185605.29	176.55831909179688	137.13405148152793
9328	117219.11	127.9764633178711	108.98063347810746
5453	68524.42	96.88701629638672	83.32451762501144
9045	113662.82	131.78860473632812	107.31473189702123
7137.5	89692.47	112.04965209960938	95.32967665185497
13820	173667.24	132.6743927001953	132.65055788891334
9310.5	116999.19	134.2119598388672	108.87835772667005
8157.5	102510.17	105.34333801269531	101.91394205984327
6241.5	78433	114.65315246582031	89.14552494917801
8060	101284.95	136.9996795654297	101.30306377679509
7697.5	96729.64	116.06536102294922	98.9987949199328
10336	129886.01	141.2799072265625	114.71793205241559
11746.5	147610.87	150.6048126220703	122.29516880168075
10373.5	130357.25	149.8336639404297	114.92584747266478
11676.5	146731.23	150.14183044433594	121.93023228100621
5294.5	66532.65	106.12777709960938	82.10460869890507
8105.5	101856.72	125.6095962524414	101.58859744012052
8762.5	110112.82	123.98135375976562	105.62557223864808
10737	134925.12	150.3105926513672	116.92208085653215
9718	122119.99	130.4897003173828	111.23552443233372
8713	109490.79	132.30953979492188	105.32680643253869
6806.5	85533	109.23038482666016	93.09299093508535
10234.5	128610.52	134.014892578125	114.15327468185932
5071	63724.07	94.32192993164062	80.35295720352805
7144.5	89780.43	111.98240661621094	95.37641179746893
9802	123175.56	131.0234375	111.71523628178059
5909	74254.68	101.70423126220703	86.73852932716854
8180.5	102799.19	124.56141662597656	102.05751366609907
8124	102089.19	131.2743377685547	101.70446431415124
9034	113524.59	125.8846664428711	107.24945709483784
10060.5	126423.97	146.39114379882812	113.17873669469944
6378	80148.31	92.56746673583984	90.11504766863783
7183	90264.24	123.31256103515625	95.6330468500961
5518.5	69347.52	98.72208404541016	83.8234598881542
9837	123615.39	114.96125793457031	111.91450934333669
9015.5	113292.11	124.58523559570312	107.13958706080521
13348.5	167742.2	147.05020141601562	130.36808682686618
11788.5	148138.66	154.34420776367188	122.51360893023462
4805	60381.41	88.22856140136719	78.21710818262497
9910	124532.73	126.63562774658203	112.32899843017147
6297.5	79136.72	112.94623565673828	89.54454775679918
6865.5	86274.42	119.99465942382812	93.4955939837769
8999	113084.77	134.75570678710938	107.04149972357324
4341.5	54556.9	83.93416595458984	74.3489709644169
7427	93330.43	122.19393157958984	97.24376637475562
5219	65583.89	102.51737976074219	81.517097494776
7838	98495.21	125.60176849365234	99.89820594802595
9896.5	124363.09	128.48521423339844	112.25246168557524
5525	69429.2	105.36993408203125	83.87281135541943
5409	67971.5	95.05596923828125	82.98766593580335
9782	122924.24	129.68057250976562	111.60120620584422
6167.5	77503.09	100.6751937866211	88.61548900815318
8187	102880.88	118.68152618408203	102.09805165989593
8610.5	108202.73	122.59906005859375	104.70543968649442
11452	143910.08	140.49078369140625	120.7523882426641
5321.5	66871.94	99.0843734741211	82.31369410558713
7703	96798.75	118.3929672241211	99.03415680004025
6799	85438.75	112.2149429321289	93.04168777840593
11495.5	144456.71	156.22406005859375	120.98150762204554
5181.5	65112.65	102.19937133789062	81.22370775238745
3369	42336.1	75.36040496826172	65.49461066540333
4412.5	55449.11	75.99900817871094	74.9544494419371
4821.5	60588.76	93.9525146484375	78.35128885309155
7661	96270.97	126.29928588867188	98.76379980648822
9464	118928.13	138.09776306152344	109.77221438676355
7834	98444.95	114.30525970458984	99.87271195604566
5714.5	71810.52	101.50277709960938	85.2990467613155
5412.5	68015.48	98.9493408203125	83.01451099584378
7258	91206.72	109.90697479248047	96.13101796864429
5700.5	71634.6	98.97521209716797	85.19449527265711
5927	74480.88	101.03474426269531	86.87054035543528
6098	76629.73	103.58565521240234	88.11478164187336
10030.5	126046.98	131.46812438964844	113.00986352290693
5695	71565.48	106.24249267578125	85.15338635231574
9013	113260.7	122.62527465820312	107.12473111610606
5018.5	63064.33	92.89372253417969	79.93592843805227
6810	85576.98	106.70413970947266	93.11692273505636
6304	79218.4	102.66547393798828	89.59074779245046
8285	104112.38	138.77880859375	102.70730075379659
4529	56913.09	87.98128509521484	75.93748677764857
3841	48267.43	84.74263000488281	69.9322035354797
6643.5	83484.68	102.28270721435547	91.9715549256837
7493	94159.82	112.18023681640625	97.67488883382758
3225	40526.55	70.32586669921875	64.07961869245868
3979.5	50007.87	79.73213195800781	71.18185701619184
4525.5	56869.11	78.66558837890625	75.90813895557564
7763.5	97559.02	109.2309799194336	99.42230738396407
6283	78954.51	98.46614837646484	89.4414001431721
7951	99915.21	110.64039611816406	100.61574240738513
7758.5	97496.19	116.60356903076172	99.39028628506793
5534	69542.29	89.0366439819336	83.94109625543611
7305	91797.34	113.45687866210938	96.44176934446176
6660	83692.03	106.7306900024414	92.08569578352646
4484	56347.61	84.52680969238281	75.55928876446939
5454	68536.99	99.56987762451172	83.33215752028491
3507.5	44076.54	76.51639556884766	66.82729758982165
7624	95806.01	106.35533905029297	98.52501351971935
6804.5	85507.87	109.21546173095703	93.07931285817712
3707.5	46589.82	74.3666763305664	68.70615410649629
5252.5	66004.86	113.30233764648438	81.7783021878141
7315	91923	104.25041198730469	96.50775756247637
8108.5	101894.42	114.84276580810547	101.60739563872832
8269.5	103917.6	110.88883209228516	102.61118075135587
6397.5	80393.36	102.9295425415039	90.25270072104881
6351	79809.02	105.57697296142578	89.92410326832855
6313	79331.5	101.5256576538086	89.65467776927807
5337	67066.72	93.20698547363281	82.43348500610394
7652.5	96164.15	115.90380096435547	98.70899460578975
4609.5	57924.69	99.96344757080078	76.60938376894003
4451.5	55939.2	85.1610107421875	75.28496419198575
9619.5	120882.2	126.3814468383789	110.67035646721257
7612.5	95661.5	111.33956146240234	98.4506781809878
8345.5	104872.65	117.98698425292969	103.08162115812547
8828.5	110942.2	110.62886810302734	106.02261702436128
7959	100015.74	113.69225311279297	100.66634758720096
6431.5	80820.61	102.53765106201172	90.49221033859322
7890.5	99154.95	114.56214904785156	100.23221352306254
9460	118877.87	124.40416717529297	109.74901408757457
10782.5	135496.89	132.23715209960938	117.16955829526239
6879.5	86450.35	106.02767181396484	93.59087267466604
7685	96572.56	113.03009796142578	98.9183799972974
5881	73902.83	99.1307373046875	86.53277854424583
10449	131306.01	130.51170349121094	115.34331364642563
5240	65847.78	93.5734634399414	81.68093544035996
6457.5	81147.34	103.49738311767578	90.67493788322832
6705.5	84263.8	95.18243408203125	92.39971735466312
6471.5	81323.27	102.63932037353516	90.77317728136217
4102.5	51553.54	81.85423278808594	72.27354448396733
4341	54550.61	85.10611724853516	74.34468954602838
9740	122396.45	124.54188537597656	111.36136298429759
9276.5	116571.94	122.6854248046875	108.679375397247
10256.5	128886.98	135.7135772705078	114.27590030525333
6131	77044.42	100.73916625976562	88.35288138352524
9838	123627.95	125.91436767578125	111.92019764593222
7364	92538.75	96.82760620117188	96.83044979462679
7979.5	100273.35	119.14451599121094	100.79590739317857
8816.5	110791.41	119.9878921508789	105.95053773415952
8234	103471.5	122.31381225585938	102.39069494514298
9285	116678.75	112.0704116821289	108.72915511888237
11610.5	145901.85	130.8277587890625	121.58514602593364
14546	182790.43	153.85372924804688	136.0901995652798
5989	75259.99	98.99666595458984	87.32371747365598
9707	121981.76	125.60713958740234	111.17255174162472
10708	134560.7	117.40409088134766	116.76407429095698
3405	42788.49	82.14559173583984	65.84360750918215
6543.5	82228.05	114.16719818115234	91.27673833444388
4058.5	51000.62	89.64344787597656	71.88492673925221
3481	43743.54	83.0919189453125	66.57437085863525
5887	73978.22	108.08782196044922	86.57690916090678
3396	42675.39	76.51680755615234	65.75653194870159
8945	112406.19	149.6561737060547	106.71985629514327
5663	71163.36	106.23296356201172	84.9138124325791
10143	127460.7	132.9316864013672	113.64184397592621
6967	87549.9	118.66841888427734	94.18418077453282
9555	120071.67	136.31637573242188	110.29870284796861
9004.5	113153.88	132.2806854248047	107.07420548651189
6937	87172.91	110.14081573486328	93.98118280713338
6388	80273.98	97.83525085449219	90.18566522329488
7694.5	96691.94	107.27193450927734	98.97950129680747
4069	51132.56	86.29296112060547	71.97785567469607
12540.5	157588.57	147.17713928222656	126.36083456020424
7422	93267.6	98.1789779663086	97.21102767188698
5392	67757.87	94.48796844482422	82.85715192553988
6250.5	78546.1	105.29448699951172	89.20977398450876
7404.5	93047.69	120.06626892089844	97.0963552817072
4875.5	61267.34	90.29977416992188	78.78882789048386
8623	108359.81	123.78075408935547	104.78141340071392
6574.5	82617.6	104.2767333984375	91.49269581153092
13534	170073.26	173.88084411621094	131.27080405956875
6496	81631.14	114.64173889160156	90.94484087951123
6532.5	82089.82	106.3641128540039	91.19998533981489
6364	79972.38	119.25830078125	90.0160900211433
7021	88228.49	109.96723175048828	94.54847880101285
6312.5	79325.21	102.70116424560547	89.65112729988795
6496.5	81637.43	107.27655029296875	90.9483408445255
8154.5	102472.47	116.62537384033203	101.89520041465586
9910	124532.73	138.65321350097656	112.32899843017147
4619.5	58050.35	89.5576400756836	76.69243819897815
5434.5	68291.94	110.50223541259766	83.18305299676877
5790	72759.29	95.44580841064453	85.86068345882528
7883	99060.7	116.06987762451172	100.18456633208176
6858.5	86186.45	126.48323059082031	93.44791820884033
7979.5	100273.35	119.14451599121094	100.79590739317857
8023	100819.99	102.140625	101.07027687411473
3798	47727.08	77.00929260253906	69.53965624666365
4509.5	56668.05	89.75495147705078	75.77383273256815
5365.5	67424.86	83.64984893798828	82.65329259791478
6012.5	75555.3	103.2909927368164	87.49487277961015
5462	68637.52	84.55951690673828	83.39325148561758
7022	88241.05	94.7101058959961	94.55521182425807
7396	92940.88	107.44259643554688	97.04060837021409
5737.5	72099.55	94.90217590332031	85.47053227819514
4699	59049.38	107.86326599121094	77.34954829028112
5577	70082.65	99.4628677368164	84.26658258757146
10339	129923.71	114.77436828613281	114.73457915126045
6394.5	80355.66	113.19110107421875	90.23153699682278
6262	78690.61	111.96931457519531	89.29180269840893
6179	77647.6	111.58568572998047	88.6980673234686
5974.5	75077.78	109.32793426513672	87.21794345213736
10149.5	127542.38	143.29830932617188	113.67825103901596
5478	68838.58	98.79695892333984	83.5153053401544
7489	94109.55	122.45668029785156	97.6488143835942
5900.5	74147.87	96.64242553710938	86.67612089676042
5404.5	67914.95	104.2412338256836	82.9531380932704
7375.5	92683.27	107.96390533447266	96.90602799720043
4070.5	51151.41	89.996337890625	71.9911214445537
5172	64993.27	101.51553344726562	81.1492139541121
2756.5	34639.2	74.25110626220703	59.24259282866067
6384	80223.71	106.64507293701172	90.15742483894091
9327.5	117212.82	121.4854507446289	108.97771264583062
5683.5	71420.97	108.4827651977539	85.06736714217912
7068	88819.11	120.81626892089844	94.86441430899224
6715	84383.18	102.86329650878906	92.46514772008217
5957	74857.87	97.32347869873047	87.09011406576158
4119	51760.88	80.02696990966797	72.41873849194099
5654.5	71056.54	86.30717468261719	84.85006190749054
4251.5	53425.92	81.13119506835938	73.57430206560946
6489	81543.18	98.80054473876953	90.89582721878091
8144	102340.52	112.25738525390625	101.82957749260852
6451.5	81071.94	99.95921325683594	90.63280268676955
6693	84106.72	123.09521484375	92.31355411266779
5656	71075.39	112.92475891113281	84.86131548015315
7115	89409.73	126.61117553710938	95.17930111526708
6930	87084.95	113.70429229736328	93.93375349156807
7962	100053.44	111.09180450439453	100.6853179722911
5368	67456.28	105.28390502929688	82.6725460847696
9946.5	124991.41	125.41864013671875	112.5356704858877
8804.5	110640.61	113.28561401367188	105.8784093742475
5981	75159.46	93.35247802734375	87.26537524735116
5697	71590.61	92.35423278808594	85.1683373464354
5860	73638.93	118.57858276367188	86.37814383365767
7437.5	93462.38	104.06924438476562	97.31248179944735
8320	104552.2	110.18936920166016	102.92401572129098
10117.5	127140.25	122.69910430908203	113.49890349187524
5274.5	66281.32	98.65348052978516	81.94938668901443
6339	79658.22	101.91333770751953	89.8391088228072
6282.5	78948.22	95.74078369140625	89.43784120716835
5730.5	72011.59	91.46107482910156	85.41837747876536
7596.5	95460.43	126.49983215332031	98.3471616345925
8143	102327.96	109.77706146240234	101.823325484775
6967	87549.9	103.63843536376953	94.18418077453282
6395	80361.94	96.7223129272461	90.23506462889782
8369.5	105174.24	113.77903747558594	103.22973587906222
8181	102805.48	113.81409454345703	102.06063254496499
7158	89950.08	104.51029205322266	95.46647925431363
5984.5	75203.44	94.2796630859375	87.29090476944079
6110	76780.52	96.15875244140625	88.20143773392724
5206	65420.53	88.93782806396484	81.41550877990788
8584	107869.73	132.32357788085938	104.54419281818879
7645.5	96076.19	107.68489074707031	98.66383805261525
6715	84383.18	100.87300872802734	92.46514772008217
8815	110772.56	134.5382080078125	105.94152437472505
7986.5	100361.32	109.90377807617188	100.84010920277396
4748.5	59671.41	85.0450668334961	77.75588709657244
7723.5	97056.36	107.95939636230469	99.16584908002366
5984.5	75203.44	106.50315856933594	87.29090476944079
6336.5	79626.81	98.02201080322266	89.82139152348041
6949.5	87329.99	114.51123809814453	94.0658185322225
11130.5	139869.99	138.2617645263672	119.0453390632104
9628	120989.02	134.63998413085938	110.71924104106814
6316	79369.2	106.70751190185547	89.67597763362988
7664	96308.66	114.84991455078125	98.78313555891151
11519.5	144758.31	140.6040496826172	121.10773276540482
5865	73701.76	93.8328857421875	86.41498672031217
10613.5	133373.17	138.29248046875	116.24770065703085
9167.5	115202.2	117.22443389892578	108.03899076888679
5232.5	65753.53	97.63036346435547	81.62245964087788
11251	141384.24	133.39990234375	119.68800323263528
4869.5	61191.94	87.96640014648438	78.74033250557096
3191	40099.29	72.86053466796875	63.74093964831319
5637	70836.63	91.8929214477539	84.71865977263872
3536	44434.69	81.647216796875	67.09824908433555
5869.5	73758.31	109.32283020019531	86.44813189319383
4249.5	53400.79	82.37669372558594	73.55699453724353
6432.5	80833.18	118.9518814086914	90.49924514331009
6383	80211.14	113.98739624023438	90.15036336057966
8217	103257.87	114.08519744873047	102.28494189805669
8531	107203.71	113.05511474609375	104.22095065837614
4209.5	52898.14	80.0840072631836	73.20998472587375
8509	106927.25	116.18400573730469	104.08647984321259
7408	93091.67	115.67694854736328	97.11930059158213
7744	97313.97	121.93180847167969	99.2973667044051
7047	88555.21	105.6743392944336	94.72338186397639
5825.5	73205.39	109.17779541015625	86.12349834890992
9822.5	123433.18	124.56532287597656	111.83199644181059
6121.5	76925.04	98.54164123535156	88.28440333998014
5834.5	73318.49	116.97003173828125	86.1900001378194
7177	90188.84	117.56514739990234	95.59309709683154
5377	67569.37	92.27193450927734	82.74182154171474
5285.5	66419.55	97.76875305175781	82.03479514021903
7593	95416.45	98.54048156738281	98.32450286258299
6592	82837.52	107.63945770263672	91.61438248929146
5099.5	64082.21	89.7584457397461	80.57844040670533
6430	80801.76	101.24972534179688	90.48165710599633
5263	66136.81	89.42092895507812	81.86000075703129
6985	87776.1	102.5550308227539	94.30576981274854
5395.5	67801.85	92.61647033691406	82.88403925737796
5992	75297.69	97.42049407958984	87.345585761692
6463.5	81222.74	101.2846908569336	90.71705350922574
8382	105331.32	107.45862579345703	103.30679485866422
5688	71477.52	111.53691101074219	85.10103718788395
7086.5	89051.59	103.5673599243164	94.98848369021232
12660	159090.25	150.9308624267578	126.9614612248424
4298	54010.26	82.548583984375	73.97556058099005
7261	91244.42	107.15782928466797	96.15088316974533
5092	63987.96	104.87559509277344	80.51916394120998
5293.5	66520.08	91.45681762695312	82.09685456858615
8149	102403.35	101.8520736694336	101.86083177574606
5464	68662.65	93.07670593261719	83.40851798487328
7291	91621.41	107.52784729003906	96.3493099127548
7029.5	88335.3	98.63031005859375	94.6056942245858
6429	80789.2	94.25025939941406	90.47462093373126
7893	99186.36	116.28565979003906	100.24809088753082
7391	92878.05	115.0335922241211	97.00780110453792
6578	82661.59	108.15706634521484	91.51704609124958
5283.5	66394.42	90.06009674072266	82.01927294610842
4252	53432.21	96.3026351928711	73.57862831158184
7125	89535.39	110.52948760986328	95.2461639974967
8455.5	106254.95	122.83090209960938	103.75874406770818
5700	71628.31	101.10833740234375	85.19075891779828
4448.5	55901.5	92.98387145996094	75.25959151333716
6946.5	87292.29	122.3785629272461	94.0455129046719
6807	85539.28	96.93574523925781	93.09641014030697
9543.5	119927.16	143.8509521484375	110.2323074020499
5735	72068.14	90.41030883789062	85.4519092183209
4839	60808.67	82.80117797851562	78.49335103671808
5698.5	71609.46	100.79173278808594	85.17954886986269
7433.5	93412.12	112.90423583984375	97.28631021777335
4192.5	52684.51	86.6401138305664	73.06200648286475
3918	49235.04	92.17323303222656	70.62968594204824
4999	62819.29	102.89423370361328	79.78047683569633
4354.5	54720.26	75.8426513671875	74.460201433714
4627.5	58150.88	78.40650939941406	76.75881703922987
6359	79909.55	93.35069274902344	89.98072162952963
5807	72972.91	97.89083862304688	85.98663870786606
4974	62505.13	82.79517364501953	79.58073570602812
5527	69454.33	88.72021484375	83.88799058119848
9093	114266.01	127.36328887939453	107.59910399383833
5350.5	67236.37	102.4223861694336	82.53767736073925
5536	69567.43	108.18241119384766	83.95626313536032
9120	114605.3	140.29632568359375	107.75873351141746
4302	54060.53	79.74580383300781	74.00997582387573
8170	102667.25	116.2184066772461	101.99199517847605
7638.5	95988.22	128.5583953857422	98.61866082268376
6547.5	82278.31	104.70911407470703	91.30463251748773
4893	61487.25	102.54727935791016	78.93010257429766
5409.5	67977.78	101.60800170898438	82.99150147602381
6762.5	84980.08	109.9131851196289	92.79160749373587
5613.5	70541.32	92.86631774902344	84.54188420168335
6456.5	81134.77	105.6182632446289	90.66791671028169
5735.5	72074.42	99.43885803222656	85.45563415497264
6576	82636.45	91.59069061279297	91.50313243915987
4469	56159.11	77.16463470458984	75.43280138919303
5985.5	75216.01	89.29100799560547	87.29819754732807
8238.5	103528.04	132.29107666015625	102.41867012073843
6074.5	76334.42	108.94300079345703	87.94483279018584
10718.5	134692.64	116.79669189453125	116.82130824572991
4133	51936.81	81.3104476928711	72.54170551062629
5318	66827.96	92.78783416748047	82.2866204124437
3897	48971.15	77.78675079345703	70.44014839445562
4689.5	58929.99	102.93379211425781	77.2713196796557
3488.5	43837.78	86.39071655273438	66.64605128444306
3744	47048.49	76.2745590209961	69.04352870101911
4124	51823.71	93.89618682861328	72.4626792389559
6146.5	77239.2	114.26052856445312	88.46449492149196
5950	74769.91	102.0824203491211	87.03892974511014
4484	56347.61	88.21226501464844	75.55928876446939
2486.5	31246.28	69.83842468261719	56.26642096298628
3647	45829.55	86.43077087402344	68.14326540201269
2868	36040.35	76.71678924560547	60.4288922147382
3503	44020	74.9324722290039	66.78441528685622
4468.5	56152.83	88.32345581054688	75.42858149036792
3070	38578.76	69.77363586425781	62.520759770950875
1809	22732.56	48.124935150146484	47.99260710178089
4037	50730.44	79.26703643798828	71.69426784684987
4052.5	50925.22	92.71519470214844	71.83177051304838
2306.5	28984.33	58.22694396972656	54.19157692789215
2907.5	36536.72	71.4280014038086	60.84360259154191
2759.5	34676.9	74.37456512451172	59.274822004765916
3805.5	47821.32	90.51815795898438	69.60828318159888
4783	60104.95	87.92881774902344	78.03784173379145
4071	51157.69	84.4120864868164	71.9955428246558
3528.5	44340.44	78.40556335449219	67.0270522520424
3994	50190.08	71.48123168945312	71.31142083616228
3290.5	41349.64	71.7422103881836	64.72707873796756
5694	71552.91	88.19412994384766	85.14590987077428
4888	61424.42	88.70507049560547	78.88976419451053
2153.5	27061.68	59.47002029418945	52.36335894103025
2386.5	29989.64	61.6754150390625	55.12337229805943
3227.5	40557.96	70.78211212158203	64.10445094244812
6493.5	81599.73	112.9192123413086	90.92733903363597
4913.5	61744.86	92.57727813720703	79.0952748465812
5985.5	75216.01	98.12532806396484	87.29819754732807
4260	53532.74	76.17481994628906	73.64781368494107
4625	58119.46	87.52383422851562	76.73807981960539
5966.5	74977.25	98.13805389404297	87.15953042359939
4593.5	57723.62	84.51172637939453	76.47630906850154
3300	41469.02	72.80828857421875	64.82044814428573
3919	49247.61	73.60968017578125	70.63869885421944
5474.5	68794.6	94.01544189453125	83.48862130645497
5287.5	66444.68	101.9908218383789	82.05031439785697
4638.5	58289.11	85.56807708740234	76.84999432826298
4074	51195.39	74.62114715576172	72.02206540533986
4299	54022.83	91.96908569335938	73.98416589255072
3805	47815.04	79.4555892944336	69.60371015770131
5368	67456.28	92.42400360107422	82.6725460847696
3130.5	39339.02	70.44316101074219	63.133797563535076
4590.5	57685.92	94.97534942626953	76.45133177457907
6366.5	80003.8	111.5270767211914	90.03376900672555
4662	58584.42	104.52735137939453	77.04442067765406
6955	87399.11	124.8460693359375	94.10303413616937
6272.5	78822.56	115.59215545654297	89.36663272358038
5025	63146.01	103.00318145751953	79.98767850296815
7997.5	100499.55	133.96829223632812	100.90953007035294
5590.5	70252.29	108.15726470947266	84.36851115695907
6157.5	77377.43	117.74559020996094	88.54361917556095
9673.5	121560.79	114.20664978027344	110.98055116098314
10912	137124.24	138.59327697753906	117.87107326290915
6648	83541.23	119.63156127929688	92.00269829412267
9878	124130.61	148.9251251220703	112.14749316366344
15279	192001.58	185.18365478515625	139.47697660907534
9820	123401.76	120.73766326904297	111.817763925502
6064.5	76208.75	117.01885986328125	87.87241443733292
7806.5	98099.37	110.41523742675781	99.6972642853105
7589	95366.19	105.61500549316406	98.29860072755436
6800	85451.32	109.57064819335938	93.04852983362557
8647.5	108667.69	122.59635925292969	104.93016231330876
8712	109478.22	111.43896484375	105.32076202597823
5943	74681.94	96.55715942382812	86.98771530716893
7724	97062.65	123.32596588134766	99.16905890213134
7948	99877.51	116.01026153564453	100.59675890184073
9226	115937.34	135.0763702392578	108.3831538557843
4381	55053.27	100.49278259277344	74.68642745161097
5603	70409.37	90.95105743408203	84.4627797858389
7101	89233.8	102.23289489746094	95.08561409153538
8197	103006.54	128.66871643066406	102.16038639411134
5713	71791.68	85.43203735351562	85.28785094649756
8082	101561.41	126.4448471069336	101.44122436440516
7719	96999.81	128.09539794921875	99.13695600436156
6825	85765.48	117.43392181396484	93.21941800299702
6018.5	75630.7	108.46173095703125	87.5385183789889
7361.5	92507.34	113.99188995361328	96.81401194335405
6204.5	77968.05	110.34061431884766	88.88090208424596
9126	114680.7	133.7012176513672	107.79417463505666
6457	81141.06	106.75228118896484	90.67142736471587
6534.5	82114.95	114.70565795898438	91.2139452335657
6616.5	83145.39	113.83085632324219	91.78447280308475
7224.5	90785.74	118.71926879882812	95.90891038344239
9962	125186.18	139.3857421875	112.6233206074643
6828	85803.18	100.0001449584961	93.23990353626333
7011.5	88109.11	118.97317504882812	94.48449115019139
7230	90854.86	123.8988265991211	95.94541108586292
6808.5	85558.13	117.0993423461914	93.1066670025802
6164	77459.11	95.51522064208984	88.59034119895658
5425	68172.56	111.66582489013672	83.11031542587394
9692	121793.26	140.06307983398438	111.08662236098998
10435	131130.08	123.99027252197266	115.26601688837617
8395.5	105500.96	110.8600082397461	103.38995404691917
7789	97879.46	123.30815124511719	99.58545483122614
6828	85803.18	100.0001449584961	93.23990353626333
5518.5	69347.52	98.8498306274414	83.8234598881542
7397.5	92959.73	122.63431549072266	97.05044838731229
7346	92312.56	121.5880355834961	96.71203490581979
6558.5	82416.54	105.59869384765625	91.38129761688418
7220	90729.2	119.30872344970703	95.87903583676608
7166.5	90056.9	110.5277328491211	95.5231448254534
4881	61336.45	91.96283721923828	78.83325578619932
6259.5	78659.2	110.55261993408203	89.27397678086123
11464	144060.87	139.45013427734375	120.81563698811469
6384	80223.71	110.3288803100586	90.15742483894091
8184.5	102849.46	125.55415344238281	102.08246202891533
3794.5	47683.09	95.51725006103516	69.50760715560257
4805.5	60387.69	85.9390640258789	78.2211776453463
7874	98947.6	133.44839477539062	100.12735977366361
7505	94310.61	112.81586456298828	97.7530704542696
5081	63849.73	119.79423522949219	80.43214610340422
6464	81229.02	90.78604888916016	90.7205622621911
6488	81530.61	103.10807800292969	90.88882310956467
3885.5	48826.63	86.22898864746094	70.33613758992226
6712.5	84351.76	111.22687530517578	92.44793369261846
11097	139449.01	121.82720947265625	118.86605582724658
7237	90942.82	122.32986450195312	95.9918464519168
8048.5	101140.43	111.17020416259766	101.2307684244319
4453.5	55964.33	106.50401306152344	75.30187456151438
4117.5	51742.03	99.77656555175781	72.40555106790524
6538	82158.93	108.2864990234375	91.23836990805181
6770.5	85080.61	110.99980163574219	92.84647724943268
5625	70685.83	97.15313720703125	84.62843753216345
5278.5	66331.59	116.19143676757812	81.9804546028171
8256	103747.96	130.1978759765625	102.5273899079339
5424.5	68166.28	105.76327514648438	83.10648536916894
5981	75159.46	103.86445617675781	87.26537524735116
10008.5	125770.52	129.1658935546875	112.88586263780721
5689	71490.08	104.18106079101562	85.10851761133159
7064.5	88775.13	120.06503295898438	94.84092346546167
4029.5	50636.19	84.84525299072266	71.62763953607809
9705	121956.63	132.0579833984375	111.16109832875327
6479.5	81423.8	101.704345703125	90.82926637439877
8446	106135.57	110.92044830322266	103.70043970414582
6173.5	77578.49	99.22771453857422	88.6585829427841
9359	117608.66	143.85818481445312	109.16157244734242
9630	121014.15	129.5736083984375	110.73074015737282
7179.5	90220.26	123.78042602539062	95.60974485598265
6502	81706.54	101.4496078491211	90.98683157395925
6843	85991.67	122.79225158691406	93.34226376418519
5251.5	65992.3	91.72872161865234	81.77051711452428
4784.5	60123.8	99.78162384033203	78.05007752581278
10881	136734.68	127.67138671875	117.70352367819456
8113.5	101957.25	122.97843170166016	101.63871824363362
2635.5	33118.67	66.47224426269531	57.92773791673141
9132.5	114762.38	129.724853515625	107.83255604080742
6747.5	84791.59	103.99164581298828	92.68863915335315
3243.5	40759.02	82.16105651855469	64.26315012002213
4625.5	58125.75	85.8368148803711	76.7422277118178
6259	78652.91	113.51890563964844	89.27041117020455
5810.5	73016.9	117.53990936279297	86.0125477746338
4928	61927.07	79.28926849365234	79.21189605390646
5143	64628.84	90.50236511230469	80.92138764611579
7106.5	89302.91	116.74909973144531	95.12243071253191
5650	70999.99	96.59256744384766	84.81629223064205
3495.5	43925.75	83.19921875	66.7128835280095
6725.5	84515.13	103.51817321777344	92.53741166747824
4369	54902.47	85.14727020263672	74.58407049060762
4665	58622.12	93.54158020019531	77.0692057581336
5652	71025.13	105.06361389160156	84.83130263554332
3710	46621.23	87.8925552368164	68.72931478610458
5430	68235.39	125.49961853027344	83.14860628965427
9904	124457.33	119.80906677246094	112.29498853936916
5502	69140.17	95.68519592285156	83.6980523974893
7249	91093.62	108.27001953125	96.07139771953563
4517	56762.3	83.9227523803711	75.83681839033551
6607	83026.01	107.5960922241211	91.7185568577331
6455.5	81122.21	90.97364807128906	90.66089499358499
4325.5	54355.84	77.56039428710938	74.21184306262678
3580.5	44993.89	70.70130157470703	67.51913943412083
4722	59338.4	94.74666595458984	77.53861702557919
4507.5	56642.92	91.59071350097656	75.75702771290428
5063	63623.53	94.26725006103516	80.28954984924333
4934	62002.47	98.91241455078125	79.26010291264637
9609.5	120756.54	110.6924057006836	110.61281754449864
7181	90239.11	121.73065948486328	95.61973212022299
6452	81078.22	128.6212615966797	90.63631470128996
8083.5	101580.26	120.89057159423828	101.45063755278568
4004.5	50322.03	96.19728088378906	71.40509615491011
3404.5	42782.21	87.57378387451172	65.83877299928106
4189.5	52646.81	99.24574279785156	73.03586155217151
3676.5	46200.26	90.82211303710938	68.41831031397096
2397	30121.59	62.60114669799805	55.244503697021166
6779.5	85193.71	105.03270721435547	92.90816699048602
6344	79721.06	116.5859146118164	89.87453294343105
4556	57252.38	82.18739318847656	76.16350415923235
4432	55694.15	92.97123718261719	75.11988859327629
4946	62153.27	89.58628845214844	79.35642877713258
8670	108950.43	115.44160461425781	105.06658295030756
8204.5	103100.79	110.88569641113281	102.20711249604717
4559.5	57296.37	82.52806854248047	76.19275362014405
4488.5	56404.15	99.0351333618164	75.59719370812503
2792	35085.31	72.48030090332031	59.62285475302717
3323	41758.05	66.4594955444336	65.04594535522523
3863.5	48550.17	74.39656829833984	70.13673061302687
5807.5	72979.2	109.72383880615234	85.99034048106483
3205	40275.22	72.4004898071289	63.88061318487947
4540	57051.32	91.9551773071289	76.02964903968477
3438.5	43209.47	72.14531707763672	66.16671500514332
3378	42449.2	74.73036193847656	65.58203398885536
7142.5	89755.3	106.9076919555664	95.36306123584173
4952	62228.67	87.52007293701172	79.40454788945357
7897	99236.63	110.22831726074219	100.27348944149485
10350.5	130068.22	134.78392028808594	114.7983706669276
11033	138644.77	147.83688354492188	118.52279062299812
8224	103345.83	113.34309387207031	102.32850050646681
7236.5	90936.54	105.59999084472656	95.98853038502051
6659	83679.46	101.07488250732422	92.07878218347291
8305	104363.71	116.9167709350586	102.83119380336653
9156.5	115063.97	124.34851837158203	107.97415381176884
6728	84546.54	100.30975341796875	92.55460905313238
13146	165197.51	155.03773498535156	129.3754499705738
8803	110621.76	116.45455932617188	105.86938987405017
4534.5	56982.21	83.69244384765625	75.98358188188811
4751	59702.83	86.32994079589844	77.77635294250275
7053	88630.61	105.72613525390625	94.7636982658291
8016.5	100738.31	128.92193603515625	101.02932648676537
6529.5	82052.12	98.85749053955078	91.17904149171697
8800.5	110590.34	135.27464294433594	105.85435566589501
6216	78112.56	115.07429504394531	88.96323403560469
10390.5	130570.87	126.4306640625	115.01997865401779
10110	127046.01	125.62916564941406	113.456827900627
7545	94813.27	130.59861755371094	98.0132254597654
14538	182689.9	154.75241088867188	136.0527710168367
5559	69856.45	92.38585662841797	84.13048573010124
4726.5	59394.95	81.5811538696289	77.57555483649953
6154.5	77339.73	97.23884582519531	88.52204684750889
9813	123313.79	128.6636199951172	111.77790323890564
11536.5	144971.93	136.71478271484375	121.19706270300945
6655	83629.2	104.74227142333984	92.05112259072405
5726	71955.04	96.14400482177734	85.38483257085852
9251	116251.49	140.1750946044922	108.5298992367771
8347	104891.5	119.9745864868164	103.09088456262465
9309	116980.34	145.17381286621094	108.86958676296898
8052	101184.42	129.35617065429688	101.25277682220637
4403	55329.73	95.44551086425781	74.8737184562709
9833	123565.12	111.86595153808594	111.89175324116096
10508.5	132053.71	115.73533630371094	115.67124861368731
11128	139838.57	151.8150634765625	119.03196904114832
6547.5	82278.31	104.15021514892578	91.30463251748773
9300	116867.25	113.62773895263672	108.81694613449237
5835	73324.77	98.34628295898438	86.19369317722541
9642.5	121171.23	126.35890197753906	110.80258259674639
6939	87198.05	107.20450592041016	93.99472964436514
8864.5	111394.59	159.33343505859375	106.23856147512942
7869.5	98891.05	112.84870147705078	100.09874423434773
3851.5	48399.38	80.0385513305664	70.0277238424003
8343	104841.23	116.44319915771484	103.06618030045288
8075.5	101479.73	120.85472106933594	101.40042378367463
6322.5	79450.88	117.40037536621094	89.72210999295584
4770	59941.59	88.98368835449219	77.93171773024592
7553.5	94920.08	128.11456298828125	98.06841948944141
5273.5	66268.76	95.22750091552734	81.94161787004745
10314	129609.55	133.60125732421875	114.59577943536345
5559	69856.45	96.19602966308594	84.13048573010124
7627	95843.71	112.2712631225586	98.54439612527486
7476	93946.19	116.46995544433594	97.56402429399925
7505.5	94316.89	116.29357147216797	97.75632666487506
4347	54626.01	86.59722137451172	74.39605030486331
8744.5	109886.63	125.66497802734375	105.51702800466202
5457.5	68580.97	98.39869689941406	83.35889163965744
9994	125588.31	112.86204528808594	112.80406025530826
5292.5	66507.52	109.99659729003906	82.08909970581264
5611	70509.91	100.7758560180664	84.52305653198421
7132	89623.36	107.21836853027344	95.29294010078176
8288	104150.08	116.07710266113281	102.72589423687208
11510	144638.93	135.83934020996094	121.05778438374676
5445.5	68430.17	95.66226959228516	83.26719606697063
7687	96597.69	114.80497741699219	98.93125077739185
5866	73714.33	100.27214813232422	86.42235341285532
8670	108950.43	115.36872863769531	105.06658295030756
8068.5	101391.76	119.8109130859375	101.35646632897016
9010.5	113229.28	123.92898559570312	107.1098731109144
9382	117897.69	130.00279235839844	109.29562392294257
12887.5	161949.1	137.41917419433594	128.09712968202842
7354.5	92419.37	112.15567779541016	96.7679711048793
10332.5	129842.02	131.562744140625	114.69850738338346
4089.5	51390.17	79.79813385009766	72.15894343873424
10840	136219.46	136.19436645507812	117.48155882915907
11018.5	138462.55	144.46875	118.44488137384575
7868.5	98878.49	130.28143310546875	100.09238411461997
10391	130577.16	129.47836303710938	115.02274605200084
4891.5	61468.4	102.85359954833984	78.91800322532272
11192.5	140649.1	135.5025634765625	119.37643655449055
8580	107819.46	124.48162841796875	104.51983205989042
7094	89145.83	95.09998321533203	95.03873594672461
4664.5	58615.84	109.19389343261719	77.06507546494174
11911.5	149684.32	146.76341247558594	123.15109758793419
19775.5	248506.26	178.46339416503906	158.67875918632024
9339	117357.34	130.82608032226562	109.04487199443028
11530	144890.25	135.76719665527344	121.16291491539987
4678	58785.48	100.69088745117188	77.17651579509851
6259	78652.91	120.18026733398438	89.27041117020455
5939.5	74637.96	108.22344970703125	86.96209677758753
5463	68650.08	96.05175018310547	83.40088508456127
5037.5	63303.09	96.34587860107422	80.08710387199291
8429.5	105928.22	114.56654357910156	103.59909624289709
6934.5	87141.5	105.71849060058594	93.96424651411826
5344	67154.68	95.17525482177734	82.48752709994832
6188	77760.7	117.970458984375	88.76264024250962