площа	окружність	дов. головної осі	дфаметр Фарета

2723.5	34224.51	76.61627197265625	58.88690771373732
3361.5	42241.85	89.13935852050781	65.42166865517304
1973	24793.45	65.09906768798828	50.12087012176141
2933	36857.17	79.1467056274414	61.10983214433036
2527.5	31761.5	73.79704284667969	56.7284139503135
3207	40300.35	83.02338409423828	63.90054162497895
2240.5	28154.95	73.35594177246094	53.41060943276282
2741.5	34450.71	76.63003540039062	59.08118323029295
3009	37812.21	82.51380920410156	61.89650870693843
3787	47588.85	93.63451385498047	69.438880721913
3552	44635.75	89.20027923583984	67.24988373892774
4341	54550.61	99.8824462890625	74.34468954602838
2492.5	31321.68	76.59214782714844	56.33426635052944
3941	49524.07	96.07328033447266	70.83669279265709
3527	44321.59	87.50025177001953	67.01280380853288
4289	53897.16	99.59110260009766	73.89806768359449
2154	27067.96	67.99420928955078	52.36943745506095
2506.5	31497.61	81.7251968383789	56.49225538849273
3353	42135.04	84.4041519165039	65.33890260401533
3694.5	46426.46	93.4384994506836	68.58559249597585
2452.5	30819.02	64.8609848022461	55.88040786772218
2393	30071.32	57.48847198486328	55.198389745999336
2796.5	35141.86	89.80282592773438	59.670883912104756
3317	41682.65	90.47986602783203	64.98719543022713
2935.5	36888.58	98.05523681640625	61.135870678105746
3278	41192.56	88.62751770019531	64.60401866480028
3763.5	47293.54	94.28575897216797	69.22309604901231
2696.5	33885.22	81.57615661621094	58.59428668717084
3398.5	42706.81	89.49893188476562	65.7807311663716
3209.5	40331.77	97.21330261230469	63.925443438645814
3581.5	45006.46	84.86456298828125	67.52856750641898
3060.5	38459.38	86.57591247558594	62.423950745382704
3411	42863.89	83.06194305419922	65.90159396472622
3097	38918.05	79.46734619140625	62.79508635271393
3364.5	42279.55	82.59013366699219	65.45085521413341
3990	50139.82	96.26792907714844	71.27570261662314
3339	41959.11	80.97511291503906	65.20235302403364
2618	32898.76	64.78131866455078	57.735094423726856
3059.5	38446.81	84.26568603515625	62.41375158662737
3525.5	44302.74	91.70417022705078	66.99855233483643
3710	46621.23	93.0252456665039	68.72931478610458
2632	33074.69	64.60611724853516	57.88926050437117
4156	52225.84	91.57597351074219	72.74327149585271
3766	47324.95	94.77059936523438	69.24608382769831
4029	50629.91	90.1798324584961	71.62319544489739
3579	44975.04	85.03863525390625	67.50499485673002
4189	52640.53	99.90612030029297	73.03150315374589
2503	31453.63	71.8985366821289	56.45279958046467
3493.5	43900.62	90.99961853027344	66.69379543504996
2268	28500.53	60.0653076171875	53.73739189297662
2236	28098.4	59.62766647338867	53.356945396338276
1915.5	24070.88	55.150081634521484	49.38512273894036
1777.5	22336.72	59.12907409667969	47.57292602696151
5131.5	64484.33	95.0484848022461	80.83086492057652
4034.5	50699.02	84.28156280517578	71.67206529209281
5467	68700.35	99.62213897705078	83.43141249593666
4158.5	52257.25	85.54499053955078	72.76514719823753
3748	47098.76	79.62623596191406	69.08040108212596
5323	66890.79	96.61319732666016	82.32529439136718
4069.5	51138.85	84.73455047607422	71.98227786962389
4189	52640.53	85.86953735351562	73.03150315374589
6478	81404.95	106.70777130126953	90.81875230806898
6087	76491.5	103.57469940185547	88.0352719584766
7694	96685.66	116.27699279785156	98.97628532730626
4769	59929.02	91.649169921875	77.92354835890106
5267	66187.07	96.46666717529297	81.89110258214932
5384.5	67663.62	97.35493469238281	82.79950681390852
7022	88241.05	110.95794677734375	94.55521182425807
6780	85199.99	109.0230484008789	92.91159299734562
3881.5	48776.37	81.79401397705078	70.29992384696824
4790	60192.92	92.5064697265625	78.09492569483263
5756	72332.03	100.62580871582031	85.60821700920769
6093	76566.9	103.12628936767578	88.07864977434285
5588	70220.88	102.33998107910156	84.34964478870133
5996	75347.96	109.41889190673828	87.37473496516047
4440	55794.69	94.5634994506836	75.18765575960008
4535.5	56994.77	95.1106185913086	75.99195980593164
3109.5	39075.13	79.08486938476562	62.92168437314746
5612.5	70528.76	106.19597625732422	84.5343536370043
5836	73337.34	107.94758605957031	86.20107878138423
3965	49825.66	89.11058807373047	71.05205693626976
4381.5	55059.55	98.63309478759766	74.6906892809078
5663	71163.36	106.51788330078125	84.9138124325791
3353	42135.04	81.7823715209961	65.33890260401533
4423	55581.06	94.0809097290039	75.04357738250239
3697	46457.87	86.08878326416016	68.6087938742979
4095.5	51465.57	90.21903228759766	72.21185882846986
4770	59941.59	97.5390396118164	77.93171773024592
5484.5	68920.26	104.87908172607422	83.56483879658956
2704.5	33985.75	73.40119171142578	58.6811413380504
2666	33501.94	73.2569580078125	58.261965520088175
3256.5	40922.39	80.76209259033203	64.39180520400136
3847	48342.83	87.7619857788086	69.98680253159284
2713.5	34098.85	72.86607360839844	58.7786994126177
4415.5	55486.81	96.36064910888672	74.97992537858458
3768	47350.08	86.88487243652344	69.26446855756632
4928.5	61933.36	108.2662124633789	79.21591441261819
4189	52640.53	91.29483795166016	73.03150315374589
2831	35575.4	83.53436279296875	60.03783099967258
4235.5	53224.86	89.0394058227539	73.43572762440488
3597	45201.24	82.1744384765625	67.67453466712853
3890.5	48889.46	80.42757415771484	70.38137856558474
2822	35462.3	68.70028686523438	59.942322237652995
3722.5	46778.31	78.4576187133789	68.84500130929364
3718.5	46728.05	78.53888702392578	68.80800278381652
4934	62002.47	90.2708969116211	79.26010291264637
1911.5	24020.62	56.57636642456055	49.3335321030358
2950	37070.79	75.05524444580078	61.28667601500941
1632.5	20514.6	56.854225158691406	45.59126623356883
3508	44082.83	76.326416015625	66.83206059168721
2	25.13	0	1.5957691216057308
2302.5	28934.07	66.42181396484375	54.14456622554762
5585.5	70189.46	154.63766479492188	84.33077419968497
4061	51032.03	88.17278289794922	71.90706356937054
3829	48116.63	79.42931365966797	69.82287745997681
2940.5	36951.41	75.20743560791016	61.18791450355001
4714	59237.87	94.84008026123047	77.47290632138153
2719.5	34174.24	72.3451919555664	58.843648271561776
3298.5	41450.17	79.35515594482422	64.80571454979055
2882	36216.28	74.1457748413086	60.57620298373561
3271.5	41110.88	84.14508056640625	64.53993469628773
2797	35148.14	73.35917663574219	59.676218099208086
2690.5	33809.82	72.0538330078125	58.52906111591023
3556.5	44692.3	82.55013275146484	67.29246942155271
2	25.13	0	1.5957691216057308
2	25.13	0	1.5957691216057308
4129	51886.54	88.78594970703125	72.5065933568216
4579	57541.41	93.58174133300781	76.3555097903374
2	25.13	0	1.5957691216057308
2	25.13	0	1.5957691216057308
7705.5	96830.17	183.8659210205078	99.05022620850896
5767.5	72476.54	113.70174407958984	85.69369331671993
7589.5	95372.47	134.0615997314453	98.301838867681
7227.5	90823.44	138.80410766601562	95.92882157919688
2	25.13	0	1.5957691216057308
5717	71841.94	104.50454711914062	85.31770318785502
5665.5	71194.77	113.06683349609375	84.9325534803768
15552.5	195438.48	205.6407012939453	140.71978545852613
6844.5	86010.52	113.94757843017578	93.35249361393524
2	25.13	0	1.5957691216057308
2	25.13	0	1.5957691216057308
2	25.13	0	1.5957691216057308
2	25.13	0	1.5957691216057308
4077.5	51239.38	85.86695861816406	72.05299607689902
2	25.13	0	1.5957691216057308
3429	43090.08	88.27381896972656	66.07524800480792
5325	66915.92	98.31780242919922	82.34075889688376
6274.5	78847.69	109.09247589111328	89.38087895876153
5165	64905.3	108.0076904296875	81.09427999900558
13152	165272.91	247.2635498046875	129.4049708950814
2	25.13	0	1.5957691216057308
2	25.13	0	1.5957691216057308
26512	333159.62	294.04180908203125	183.72840501680363
5666.5	71207.34	101.47061157226562	84.94004874169663
5482	68888.84	106.05040740966797	83.54579094268102
4897	61537.52	110.08514404296875	78.9623584410198
9863	123942.11	161.35142517089844	112.06231137060715
3152.5	39615.48	81.04410552978516	63.355249701801355
1949.5	24498.14	61.04901885986328	49.821486253033434
1894	23800.71	62.98598861694336	49.10718580542361
5010	62957.52	95.59278869628906	79.86820468198322
3869.5	48625.57	89.89797973632812	70.19117051561906
1752	22016.28	57.963951110839844	47.23045291309417
4916	61776.28	101.17285919189453	79.11539421577864
13872	174320.69	207.1501007080078	132.89988323759422
3926	49335.57	84.6564712524414	70.70175706890352
4178.5	52508.58	92.55811309814453	72.93991662783745
4501.5	56567.52	111.79136657714844	75.70659027208487
4020.5	50523.09	85.40259552001953	71.54760366083354
3751.5	47142.74	102.14065551757812	69.11264827854568
8572.5	107725.21	168.59918212890625	104.47414032784468
1370.5	17222.21	52.900753021240234	41.77289547134051
4570.5	57434.6	91.23336029052734	76.28460748546892
3204.5	40268.93	81.71946716308594	63.875630103380026
2808.5	35292.65	73.2667007446289	59.79877307594784
3483	43768.67	75.79393768310547	66.59349318298727
8809.5	110703.44	151.70138549804688	105.90846882730585
7249.5	91099.9	119.58904266357422	96.0747109262243
3910.5	49140.79	80.4140625	70.56205240557317
8670	108950.43	124.4695053100586	105.06658295030756
2286.5	28733.01	70.55538177490234	53.956113824449496
4391	55178.93	100.17657470703125	74.77161788360674
4751	59702.83	101.14473724365234	77.77635294250275
3312	41619.82	84.96869659423828	64.93819655767211
2342.5	29436.72	67.08597564697266	54.612852274369615
3621.5	45509.11	88.74002075195312	67.90461700987932
3027.5	38044.69	68.74727630615234	62.08649387496209
3855.5	48449.64	94.84576416015625	70.06407827643507
3205.5	40281.5	83.41120910644531	63.88559587769816
2990	37573.45	83.27700805664062	61.70077988776266
2449	30775.04	68.17134857177734	55.840519741997504
3275.5	41161.15	77.30816650390625	64.57937851032653
4268.5	53639.55	75.81157684326172	73.72125200172636
2899.5	36436.19	76.56356048583984	60.75983920287812
3169	39822.83	75.99333190917969	63.52083215186755
2973.5	37366.1	80.29340362548828	61.53029974142826
4969.5	62448.58	103.76231384277344	79.54472903694746
5437.5	68329.64	109.962158203125	83.20600954556977
3175	39898.23	86.21831512451172	63.58093703724523
2753.5	34601.5	85.25850677490234	59.21034610968146
4591.5	57698.49	99.41250610351562	76.4596584458203
3772.5	47406.63	90.13867950439453	69.30581636856608
3123.5	39251.06	71.77433013916016	63.06317243828034
3891	48895.75	92.50607299804688	70.3859010638105
4461	56058.58	101.09854125976562	75.36525465400857
2942.5	36976.55	82.33305358886719	61.208719643390815
3614.5	45421.15	91.53649139404297	67.83895882489092
1672.5	21017.25	60.466121673583984	46.146431482505335
5789	72746.72	100.81764221191406	85.8532685718596
2914	36618.4	73.32620239257812	60.9115755284516
4650.5	58439.91	97.69318389892578	76.94933724724908
3988	50114.69	96.5486068725586	71.2578367929018
1962.5	24661.5	67.50546264648438	49.98732445873411
3615.5	45433.71	79.52655792236328	67.84834245572975
2039	25622.83	68.69032287597656	50.952285834052596
4884.5	61380.44	103.37822723388672	78.86151505175958
2665.5	33495.66	71.55677795410156	58.25650183877827
3869.5	48625.57	86.03387451171875	70.19117051561906
3326.5	41802.03	85.18189239501953	65.08019165277189
2283	28689.02	67.1092300415039	53.91480205500505
3558.5	44717.43	83.04131317138672	67.3113877433832
4155.5	52219.55	95.41616821289062	72.73889556590044
4961	62341.76	103.22644805908203	79.47667193227923
2941	36957.7	75.47246551513672	61.19311645165748
3306.5	41550.7	84.84832763671875	64.88425505981259
4012.5	50422.56	108.75601196289062	71.47638542378762
2286.5	28733.01	66.25010681152344	53.956113824449496
3270.5	41098.32	86.94540405273438	64.53006997560401
4736.5	59520.61	91.00077819824219	77.65757595777825
5532.5	69523.45	109.91095733642578	83.92971929684555
3432.5	43134.07	91.79945373535156	66.10896109683956
2876	36140.88	72.23716735839844	60.513113708173435
1876	23574.51	67.82049560546875	48.873278853819144
1854	23298.05	64.64956665039062	48.58586333429706
2001	25145.31	60.92724609375	50.47526452644959
3350.5	42103.62	75.236083984375	65.31453968784564
2335.5	29348.76	73.28840637207031	54.53119251152475
3632	45641.06	83.36003875732422	68.0029854232747
2901.5	36461.32	74.63258361816406	60.780790872191474
2421	30423.18	77.22795104980469	55.5203830840875
1910.5	24008.05	59.618736267089844	49.320626012009704
4530.5	56931.94	97.21955108642578	75.95006094416682
2850	35814.16	72.5674057006836	60.238963325203514
5627	70710.97	99.34312438964844	84.64348125062413
2550	32044.25	68.70223236083984	56.98035485213009
2902	36467.61	84.81059265136719	60.786027661144644
2513.5	31585.57	78.44523620605469	56.57108444861059
3498.5	43963.45	72.1845703125	66.74150543144773
3878.5	48738.67	86.1867904663086	70.27275129276873
3072.5	38610.17	76.48249053955078	62.54621092599285
4160	52276.1	110.9756851196289	72.77826946347568
2624.5	32980.44	69.60826873779297	57.80672266404172
2955.5	37139.91	80.66544342041016	61.34378105777939
3619	45477.7	78.4648208618164	67.88117494855665
3298	41443.89	79.25678253173828	64.80080260719436
3488.5	43837.78	92.52565002441406	66.64605128444306
3847	48342.83	91.29662322998047	69.98680253159284
5478	68838.58	96.3924560546875	83.5153053401544
2658.5	33407.7	78.0456771850586	58.17995642554599
5116	64289.55	105.02201843261719	80.70869538572094
2574	32345.84	69.18470764160156	57.24786972585363
3281	41230.26	81.54673767089844	64.63357445071462
3051.5	38346.28	75.62934112548828	62.3320982380615
2422.5	30442.03	67.55558776855469	55.537580043794954
2855	35876.99	74.1187515258789	60.29178136544723
3178	39935.93	76.76534271240234	63.61096818291911
1987.5	24975.66	62.423583984375	50.30470748509662
2	25.13	0	1.5957691216057308
1842	23147.25	75.33424377441406	48.42837227702548
1670.5	20992.12	62.14391326904297	46.118831939676106
1818	22845.66	65.74109649658203	48.111843576488795
2181	27407.25	66.3490982055664	52.69663601281765
1490.5	18730.18	61.26664733886719	43.563327942522484
3798	47727.08	85.6407470703125	69.53965624666365
3219.5	40457.43	78.57115936279297	64.02495384047424
2325.5	29223.09	68.33573150634766	54.41432312619188
1757	22079.11	61.498443603515625	47.297799949888585
4020	50516.81	87.67532348632812	71.54315459801415
2673.5	33596.19	71.85102844238281	58.34385934140334
2248.5	28255.48	63.933616638183594	53.50587926888982
1445	18158.41	57.81682586669922	42.89325287434272
2462.5	30944.69	70.54022216796875	55.99421737028153
2236	28098.4	65.17324829101562	53.356945396338276
2905	36505.31	74.75260925292969	60.81743892548952
2353.5	29574.95	67.3460693359375	54.74092864150375
2831.5	35581.68	80.70521545410156	60.043132587479256
2462	30938.4	75.65367889404297	55.98853238957037
3004.5	37755.66	75.6425552368164	61.85020785863857
2602	32697.7	75.0051498413086	57.55839899963248
2929.5	36813.18	75.53132629394531	61.07335954654582
4716	59263	94.88003540039062	77.4893392214118
3084	38754.69	76.6792221069336	62.66315309624343
2055	25823.89	68.94387817382812	51.151806072031896
3651.5	45886.1	83.31817626953125	68.18529311809436
4688	58911.15	95.47482299804688	77.25896055292515
3703	46533.27	83.2934799194336	68.66444519658124
3175.5	39904.51	78.53994750976562	63.5859432131545
4939	62065.3	92.62802124023438	79.30025290909839
2845.5	35757.61	81.21204376220703	60.191387461528954
2910.5	36574.42	76.20545959472656	60.87498414744509
3954.5	49693.71	87.73184967041016	70.95791555320098
5270	66224.77	96.44891357421875	81.914421201363
1627.5	20451.77	56.500919342041016	45.52139452012072
3617.5	45458.85	78.95293426513672	67.86710582513042
6005	75461.06	124.0234375	87.44028514440384
4184	52577.69	99.77783966064453	72.98790485533833
1791.5	22512.65	59.41070556640625	47.75990624355374
2718.5	34161.68	70.48821258544922	58.83282844095242
4976.5	62536.54	96.07930755615234	79.60073237335531
4621.5	58075.48	94.87420654296875	76.70903829402083
2589	32534.33	87.87281036376953	57.414433562644646
2591	32559.47	76.64384460449219	57.43660557874923
4033	50680.17	89.11653900146484	71.65874045723181
6371.5	80066.63	105.84660339355469	90.06911656766758
4975.5	62523.98	118.56312561035156	79.5927343092936
3724.5	46803.45	74.37812042236328	68.86349311766078
3102.5	38987.16	76.21223449707031	62.85082089790747
4364	54839.64	92.10795593261719	74.5413802744774
4342	54563.18	80.91149139404297	74.35325213627227
2748	34532.39	65.4066162109375	59.15118146691769
4045	50830.97	97.6711654663086	71.76526986261345
6111.5	76799.37	98.47776794433594	88.21226375991576
4069	51132.56	88.95758056640625	71.97785567469607
5013.5	63001.5	88.89698791503906	79.89609788675376
6004.5	75454.77	108.06278991699219	87.43664475700268
4090	51396.46	89.51242065429688	72.1633545365431
6179	77647.6	109.88150787353516	88.6980673234686
732	9198.58	43.9343147277832	30.52886088189566
717	9010.09	35.82305145263672	30.2144461073691
1485	18661.06	51.290470123291016	43.482878514786904
1907	23964.07	57.80128860473633	49.275428073330374
8405	105620.35	129.47201538085938	103.44843340282657
5659	71113.09	113.84365844726562	84.88381814961133
6478	81404.95	120.92088317871094	90.81875230806898
8998	113072.2	133.9668731689453	107.03555214753177
6203.5	77955.48	102.64262390136719	88.8737391796057
3974	49938.76	83.74128723144531	71.13265038487978
6189	77773.27	103.0029296875	88.76981211180929
4591.5	57698.49	95.72039794921875	76.4596584458203
4947.5	62172.12	99.45460510253906	79.36846129022042
5399	67845.83	103.76881408691406	82.91091786987492
8909	111953.8	123.47774505615234	106.50488770026269
6171.5	77553.36	104.31285095214844	88.64422062567337
5767	72470.26	99.54505157470703	85.68997872848192
5964.5	74952.12	108.9581298828125	87.1449210486353
7756.5	97471.05	115.45430755615234	99.3774749565428
10392	130589.72	143.74061584472656	115.02828064822934
8367.5	105149.11	121.32899475097656	103.2174011035517
9463	118915.57	127.46231079101562	109.76641477168162
6709	84307.78	107.37232971191406	92.42382866787226
6467	81266.72	105.50198364257812	90.74161193081318
7191.5	90371.05	111.47108459472656	95.68961378312133
6700	84194.68	107.3010025024414	92.3618154310838
13640	171405.3	153.0561065673828	131.7838661983614
7134.5	89654.77	110.79291534423828	95.30964028844626
5050.5	63466.45	100.27680206298828	80.19037548661896
9223	115899.64	125.92736053466797	108.36553105620074
7268	91332.38	111.82001495361328	96.19721935240729
8719.5	109572.47	131.76773071289062	105.36608662334504
8009	100644.06	117.22964477539062	100.98205540482883
5555	69806.19	97.67565155029297	84.10021207466619
8493	106726.19	120.91899871826172	103.98857366766667
8239	103534.33	127.6767807006836	102.42177800191229
8193.5	102962.56	114.22091674804688	102.13857356448422
8288	104150.08	120.61969757080078	102.72589423687208
8086.5	101617.96	126.96391296386719	101.46946130979948
10230	128553.97	142.73403930664062	114.12817593671036
7853	98683.71	115.89746856689453	99.99375052874672
5530	69492.03	105.00578308105469	83.91075427134146
6588	82787.25	114.54656219482422	91.58658264568697
6343	79708.49	111.93257141113281	89.86744923639002
7399	92978.58	121.44184875488281	97.06028740682498
6263	78703.18	111.64230346679688	89.29893206906969
7193	90389.9	119.50659942626953	95.6995927121951
5053	63497.87	100.16954803466797	80.21022016892097
3040.5	38208.05	78.02095794677734	62.21964991678483
6254.5	78596.37	110.93585205078125	89.23831426324723
4570	57428.31	94.91639709472656	76.28043470929943
5938.5	74625.39	108.58650207519531	86.95477581139384
9484.5	119185.74	136.80569458007812	109.89103904341178
8194.5	102975.12	126.99708557128906	102.1448062768357
8596	108020.52	129.97348022460938	104.61724105778865
7407	93079.11	138.24708557128906	97.11274534196502
6125	76969.02	109.58087921142578	88.3096382707056
8691.5	109220.61	130.7383575439453	105.19677515525686
7802	98042.82	123.77233123779297	99.66852526261106
10521	132210.79	150.1529541015625	115.74002440883899
12331	154955.92	155.5020294189453	125.30090512893071
7391	92878.05	120.58122253417969	97.00780110453792
6551.5	82328.58	113.41099548339844	91.33251818127222
5414	68034.33	103.28430938720703	83.02601336446409
3688.5	46351.06	85.01123046875	68.52987713950499
7636	95956.81	122.23780059814453	98.60252108134813
5331.5	66997.6	102.46758270263672	82.39099849349758
5052.5	63491.59	100.11966705322266	80.2062516252593
3324	41770.62	80.8276138305664	65.05573185123414
7973	100191.67	125.3401107788086	100.75484549228118
9523.5	119675.83	136.8260040283203	110.11674170754111
9169.5	115227.34	134.20504760742188	108.0507751265537
8039.5	101027.34	125.578369140625	101.17415341824383
8508	106914.68	129.37820434570312	104.08036340543188
5975	75084.06	108.10441589355469	87.22159296752494
7467.5	93839.37	121.32642364501953	97.50854475536914
4479	56284.77	94.18798065185547	75.51714984603692
8809	110697.16	131.6476593017578	105.90546326593378
6279	78904.24	111.11729431152344	89.41292468872767
4681.5	58829.46	96.01354217529297	77.20538147485358
9349	117483	135.68447875976562	109.10323782422333
8382	105331.32	128.42068481445312	103.30679485866422
6927	87047.25	117.02680969238281	93.91341930938556
7075	88907.07	118.47677612304688	94.91137855389772
3672	46143.71	84.98431396484375	68.3764258225561
5402.5	67889.82	103.08102416992188	82.93778777150808
10226.5	128509.99	141.81288146972656	114.10865087377968
5859	73626.37	107.6567153930664	86.37077337041343
4896	61524.95	98.05377960205078	78.95429570975449
7264	91282.12	119.31497192382812	96.17074426745496
3647.5	45835.84	84.61550903320312	68.14793642819646
5157.5	64811.06	100.74070739746094	81.0353808652221
5296	66551.5	102.09532165527344	82.11623852148503
3510.5	44114.24	83.18099975585938	66.85587051106872
6327	79507.43	111.66426849365234	89.75403389006745
6279	78904.24	111.05207061767578	89.41292468872767
10011.5	125808.22	140.22837829589844	112.90277986885921
6721.5	84464.86	114.86519622802734	92.50988920076273
4917	61788.84	98.65510559082031	79.12344053100064
4531	56938.23	94.59983825683594	75.95425187041883
6566	82510.79	113.77240753173828	91.43353241962753
5051	63472.74	99.44867706298828	80.1943448159364
8067.5	101379.19	119.16804504394531	101.35018513624397
8083.5	101580.26	119.66154479980469	101.45063755278568
7134.5	89654.77	112.25772857666016	95.30964028844626
5700	71628.31	100.41783905029297	85.19075891779828
8388.5	105413	121.76626586914062	103.34684282072149
8317.5	104520.79	121.32260131835938	102.90855121579895
4927	61914.51	93.76374816894531	79.2038587248762
9751.5	122540.96	130.93319702148438	111.4270856680948
5449	68474.15	98.079345703125	83.29395103644623
6975.5	87656.72	110.87637329101562	94.24161736886802
11323.5	142295.3	141.16880798339844	120.07301105914108
6448	81027.96	106.73554992675781	90.60821477356416
6332	79570.26	105.70987701416016	89.78949157481097
8503.5	106858.13	122.53193664550781	104.05283498615238
3942	49536.63	83.65113830566406	70.84567936964125
4744	59614.86	91.6431884765625	77.71903499287426
6332	79570.26	105.70987701416016	89.78949157481097
11917.5	149759.72	144.91172790527344	123.1821102042878
6821	85715.21	109.92281341552734	93.19209695375754
5858.5	73620.08	101.62946319580078	86.3670879029214
7089.5	89089.28	111.59001922607422	95.00858778236805
6750	84823	111.67831420898438	92.7058084855655
6804.5	85507.87	112.0420913696289	93.07931285817712
3950	49637.16	85.40563201904297	70.91753098990328
11245.5	141315.12	144.10964965820312	119.65874518947318
5840	73387.6	103.55622100830078	86.23061487229087
4703	59099.64	93.30937957763672	77.38246299317095
4912.5	61732.3	95.4034423828125	79.08722566578933
8898	111815.57	127.88761138916016	106.43911625456818
4435	55731.85	90.47564697265625	75.14530844238013
7223	90766.89	115.43710327148438	95.89895323527823
6295	79105.3	107.82971954345703	89.52677216401723
5429.5	68229.11	99.88321685791016	83.14477799681448
6793	85363.36	112.20457458496094	93.00062487631985
5171.5	64986.99	95.94261169433594	81.1452913334957
5726.5	71961.32	100.37618255615234	85.38856043361962
8051.5	101178.13	125.6075668334961	101.24963305827416
15158.5	190487.33	167.13427734375	138.925885416894
6636	83390.44	110.84843444824219	91.91962586337338
7392	92890.61	146.03724670410156	97.01436344522558
7334.5	92168.05	116.27647399902344	96.63630498347943
11130	139863.7	144.69082641601562	119.04266517892802
14150	177814.14	161.51165771484375	134.22495877444908
11076.5	139191.4	142.76870727539062	118.75621169967923
6388.5	80280.26	108.495361328125	90.1891946495842
5664	71175.92	103.00977325439453	84.92130934800736
7628	95856.28	118.48722839355469	98.55085614666075
5525	69429.2	101.33924865722656	83.87281135541943
7870	98897.34	118.4172134399414	100.10192414267435
4494	56473.27	91.42285919189453	75.64349617805765
4881.5	61342.74	91.25438690185547	78.83729344431288
6672	83842.82	110.92366027832031	92.16861853403796
7559.5	94995.48	118.16974639892578	98.1073612856113
4686.5	58892.3	93.110107421875	77.246599448787
7150.5	89855.83	114.81470489501953	95.41645227437867
6225	78225.66	107.26512908935547	89.02761462589227
4888.5	61430.7	93.86663818359375	78.8937989606144
3824	48053.8	83.40947723388672	69.77727437401995
5127.5	64434.07	96.3141860961914	80.79935498275681
7712.5	96918.13	118.45938110351562	99.09520668917312
5117	64302.12	96.53931427001953	80.71658287124045
3686.5	46325.93	82.06707763671875	68.51129528527524
3925	49323	84.58257293701172	70.69275219628611
4888.5	61430.7	93.86663818359375	78.8937989606144
4943.5	62121.85	94.71468353271484	79.33637053330759
7378	92714.68	115.73335266113281	96.92245024273804
3418	42951.85	78.74429321289062	65.9691804095275
4281.5	53802.92	88.41102600097656	73.83342813918097
5169	64955.57	96.97956848144531	81.12567538539237
6081	76416.1	105.1326675415039	87.99187275842311
3683.5	46288.23	81.96011352539062	68.483413050402
5163	64880.17	96.95462036132812	81.07857774694648
8398.5	105538.66	123.58048248291016	103.40842478472567
4984	62630.79	95.17662811279297	79.66069225759999
4325.5	54355.84	88.79525756835938	74.21184306262678
4718.5	59294.42	92.82386779785156	77.50987544715103
4882	61349.02	94.14356994628906	78.84133089564803
3447.5	43322.56	79.22407531738281	66.25325147096159
5770.5	72514.24	95.34251403808594	85.71597746566422
5117.5	64308.4	98.36505889892578	80.72052632498252
5851	73525.83	103.22220611572266	86.31178700644216
4718.5	59294.42	92.90611267089844	77.50987544715103
3425	43039.82	78.99105834960938	66.03669768180366
5398	67833.27	99.000732421875	82.90323915553847
7518	94473.97	116.7493896484375	97.83769670898306
3545	44547.78	80.22618865966797	67.18358568940893
2212.5	27803.09	63.67274856567383	53.0758183425046
3323	41758.05	78.21781921386719	65.04594535522523
4093	51434.15	86.35233306884766	72.18981546313178
4002	50290.62	85.53829956054688	71.3828036576746
4100	51522.12	86.3446044921875	72.25151993843566
7058	88693.44	119.85197448730469	94.79728216958954
4394.5	55222.92	95.18372344970703	74.80141161327555
4282.5	53815.48	94.65497589111328	73.84205001439447
3696	46445.31	86.77597045898438	68.59951426461532
5071	63724.07	108.3575439453125	80.35295720352805
4168	52376.63	98.92227935791016	72.84821495723939
3076.5	38660.44	79.59854888916016	62.586911246503675
4861	61085.13	99.59430694580078	78.67157953770615
3804	47802.47	88.5074462890625	69.59456320843287
4696.5	59017.96	98.14968872070312	77.32896948653003
4712.5	59219.02	97.87230682373047	77.4605793585644
4263	53570.44	93.15755462646484	73.67374144975942
3974.5	49945.04	89.94036102294922	71.13712512148564
2074.5	26068.94	65.46837615966797	51.393924111251664
1503.5	18893.54	55.360633850097656	43.75289311016264
4364	54839.64	94.97618865966797	74.5413802744774
4232	53180.88	93.75749969482422	73.40537959386361
3528	44334.16	85.36017608642578	67.02230310744069
6828	85803.18	117.98147583007812	93.23990353626333
6258.5	78646.63	113.89965057373047	89.26684541712571
6691.5	84087.87	117.35786437988281	92.30320911861808
6260.5	78671.76	103.25537109375	89.28110757497628
7004	88014.86	119.34205627441406	94.43394395727142
4748.5	59671.41	97.96736907958984	77.75588709657244
5043	63372.21	102.21956634521484	80.13081195207887
4074	51195.39	91.3982925415039	72.02206540533986
5582	70145.48	106.52362823486328	84.30434827879093
3246.5	40796.72	80.95284271240234	64.29286260529007
4303	54073.09	93.8089370727539	74.01857713436138
6046	75976.28	115.50277709960938	87.73828290700014
3186	40036.46	83.96656036376953	63.69098201100552
6826	85778.05	122.3597412109375	93.22624701425141
4309.5	54154.77	97.69731140136719	74.07446130776911
5010.5	62963.8	114.29078674316406	79.87219002190645
6417	80638.4	112.10755920410156	90.39014414506451
4601	57817.87	100.98724365234375	76.53871664279774
5636	70824.06	105.10882568359375	84.71114492277493
5806.5	72966.63	112.83428192138672	85.982936775297
5547.5	69711.94	104.20809936523438	84.0434195783246
4967	62417.16	104.63456726074219	79.52471828745797
5270.5	66231.06	108.07881164550781	81.91830699255615
5283.5	66394.42	108.05089569091797	82.01927294610842
4233	53193.45	96.6259536743164	73.41405173986752
5744	72181.23	112.5897445678711	85.51893325433132
4838	60796.1	98.8849105834961	78.48524012468025
6169.5	77528.22	112.10944366455078	88.62985598117368
4597	57767.61	96.44165802001953	76.50543893833655
4759.5	59809.64	111.51551818847656	77.84589657243988
3163	39747.43	80.43962860107422	63.4606703399619
5437	68323.36	104.78763580322266	83.20218389396446
6888.5	86563.44	117.96862030029297	93.65207207482474
4652	58458.76	97.10179901123047	76.96174609575836
8594.5	108001.67	132.01731872558594	104.60811281744049
7416.5	93198.49	122.61441040039062	97.17500235929164
5314	66777.69	103.99903869628906	82.25566813735486
5722.5	71911.06	107.80640411376953	85.35873297294758
6093	76566.9	111.22502136230469	88.07864977434285
3422	43002.12	83.33260345458984	66.0077701644566
4570	57428.31	96.41197967529297	76.28043470929943
5225.5	65665.57	102.82675170898438	81.56784440582939
4235.5	53224.86	92.51378631591797	73.43572762440488
5227.5	65690.7	102.96247863769531	81.58345248947892
4866.5	61154.24	99.30062866210938	78.71607360922971
6395.5	80368.22	113.79063415527344	90.23859212306968
9759.5	122641.49	132.7886505126953	111.47278294203846
6589.5	82806.1	109.55382537841797	91.59700857578459
6045.5	75969.99	104.8542709350586	87.73465488446641
6357.5	79890.7	107.58963775634766	89.97010840081164
5246	65923.18	97.95991516113281	81.7276859557437
6128	77006.72	105.45289611816406	88.33126247335694
6081	76416.1	105.1326675415039	87.99187275842311
5669	71238.76	101.40792083740234	84.95878400203028
4817.5	60538.49	93.1983642578125	78.31878131560556
4757	59778.23	92.89784240722656	77.82544901447835
6554	82359.99	108.92741394042969	91.34994239841784
8085	101599.11	120.98758697509766	101.4600498678361
7025	88278.75	113.10834503173828	94.57540801796479
6847	86041.94	111.74583435058594	93.36954087282243
6316.5	79375.48	107.10157775878906	89.67952711917953
8032	100933.09	120.72525787353516	101.12695003466102
6678.5	83924.51	110.11161041259766	92.2135038891473
6871	86343.53	111.6275405883789	93.53303647308422
7538	94725.3	116.98524475097656	97.96774820426188
5964.5	74952.12	104.26066589355469	87.1449210486353
12031	151186	147.67030334472656	123.76730167014526
7980	100279.64	120.45043182373047	100.79906530809994
3890.5	48889.46	83.79485321044922	70.38137856558474
5147.5	64685.39	96.81150817871094	80.95678202920524
6616.5	83145.39	109.56478881835938	91.78447280308475
5201	65357.69	96.82537841796875	81.37640242826897
4775	60004.42	93.33993530273438	77.97255174810172
6614	83113.98	109.51830291748047	91.76713109212015
8803	110621.76	126.15485382080078	105.86938987405017
5608	70472.21	100.81459045410156	84.50045779091846
4732.5	59470.35	92.73110961914062	77.62477790924208
7933	99689.02	120.14213562011719	100.50178758800286
7569	95114.86	117.42543029785156	98.16898753730959
5863.5	73682.91	103.31846618652344	86.40393550385669
6193	77823.53	106.0871353149414	88.7984937966003
3612.5	45396.01	89.66114807128906	67.82018766824356
5073.5	63755.48	101.06462860107422	80.37276174310453
5023.5	63127.16	105.81331634521484	79.97573915242728
4651	58446.19	101.57572937011719	76.95347375241252
4382.5	55072.12	98.54997253417969	74.69921221004844
4291.5	53928.58	93.56645965576172	73.91960163739353
4975.5	62523.98	105.16532897949219	79.5927343092936
3187.5	40055.31	84.07435607910156	63.705973415711426
4975.5	62523.98	100.44989013671875	79.5927343092936
6623	83227.07	115.7626953125	91.82954592494174
9081	114115.21	135.54620361328125	107.52808147521284
3787	47588.85	79.21625518798828	69.438880721913
3453	43391.68	87.65413665771484	66.30607926857473
3400	42725.66	86.67610168457031	65.79524642479541
3931.5	49404.69	89.11355590820312	70.75126338183857
3091	38842.65	79.20657348632812	62.73422855807178
5898.5	74122.74	109.16683197021484	86.66143002870629
5259	66086.54	93.36371612548828	81.82888711061773
3423	43014.69	83.43131256103516	66.0174140786237
4477	56259.64	95.15609741210938	75.50028769335468
4885.5	61393	99.33499908447266	78.86958726786668
3774.5	47431.77	91.87165832519531	69.32418525740401
5676.5	71333	106.98637390136719	85.0149650102213
5417	68072.03	104.5648193359375	83.04901332243735
3502.5	44013.71	83.83805847167969	66.77964888672976
4946	62153.27	100.15495300292969	79.35642877713258