площа	окружність	дов. головної осі	дфаметр Фарета

12336	155018.75	156.3155059814453	125.32630619248685
14887.5	187081.84	176.5561981201172	137.6784432009773
8296	104250.61	140.3988494873047	102.77546041309137
14075.5	176877.95	177.87835693359375	133.87114405994961
11511.5	144657.78	151.2539825439453	121.06567234034108
20694.5	260054.76	202.6278533935547	162.32392232361138
6267.5	78759.73	134.98828125	89.33100719586471
10272.5	129088.04	149.60317993164062	114.3649999925325
12788.5	160705.03	157.19686889648438	127.60416888897332
6868	86305.83	117.49152374267578	93.51261515560934
6546.5	82265.75	115.29212951660156	91.29765977071231
7587	95341.05	122.93695831298828	98.28564710020319
8441	106072.73	129.77999877929688	103.66974002624637
8465	106374.33	130.55181884765625	103.81701568713653
8002.5	100562.38	120.05811309814453	100.94106922726318
7496.5	94203.8	121.89746856689453	97.6976982692384
8525	107128.31	129.6907958984375	104.18429401242426
5965	74958.4	107.72344970703125	87.14857362197758
7807	98105.66	124.31973266601562	99.7004569986889
8173	102704.95	126.2557373046875	102.01071904030715
5734	72055.57	105.80882263183594	85.44445885785352
5514.5	69297.25	103.74323272705078	83.79307530722366
6147.5	77251.76	109.15156555175781	88.47169095964773
10333.5	129854.59	142.60806274414062	114.70405762448338
7181.5	90245.39	120.30057525634766	95.6230609765007
8755	110018.57	131.1636505126953	105.5803590359322
5967.5	74989.82	105.25948333740234	87.1668341928688
8920	112092.03	132.4683074951172	106.5706185542603
7422.5	93273.89	121.36711883544922	97.21430203831504
12833.5	161270.52	150.34205627441406	127.82847764625342
11694	146951.14	151.7476806640625	122.02156873328991
6810.5	85583.27	114.38215637207031	93.12034106154694
6531.5	82077.25	148.1442413330078	91.19300459156786
3982.5	50045.57	117.50732421875	71.2086826651623
7626.5	95837.43	121.70608520507812	98.54116595577058
5838.5	73368.75	107.32320404052734	86.21954002391945
9638	121114.68	145.5966339111328	110.77672468599845
7974.5	100210.52	132.38270568847656	100.76432280073416
10947	137564.06	146.8608856201172	118.05995636207828
7032	88366.72	117.79621887207031	94.62251570624015
7687	96597.69	121.84725189208984	98.93125077739185
7311	91872.74	121.91471862792969	96.48136769117018
11004.5	138286.63	148.68409729003906	118.36960999360477
9146	114932.03	134.43197631835938	107.91222764889899
8520.5	107071.76	128.65261840820312	104.15679306178716
9003.5	113141.32	139.2064208984375	107.06825972725548
6708	84295.21	134.6949005126953	92.41694036313619
13405	168452.2	188.58169555664062	130.6436990335732
8625.5	108391.23	136.07582092285156	104.79660153417737
11215	140931.85	172.04837036132812	119.49636602928497
10051	126304.59	146.78076171875	113.1252874654165
6225	78225.66	113.5459213256836	89.02761462589227
7802.5	98049.11	129.58055114746094	99.67171889656618
9427	118463.18	142.36618041992188	109.55742415837632
11099.5	139480.43	160.67872619628906	118.87944450908213
15966.5	200640.96	189.29183959960938	142.5804306032703
10252.5	128836.71	154.41773986816406	114.25361452661905
9077	114064.95	145.3326873779297	107.50439687548166
6777.5	85168.58	127.28073120117188	92.8944616995145
10049	126279.46	146.94259643554688	113.1140317778641
11260	141497.33	155.45632934570312	119.73586460922196
10545.5	132518.66	150.5586395263672	115.87470655412534
7120.5	89478.84	128.2468719482422	95.21608151088095
11162	140265.83	160.81654357910156	119.21367286655456
7363.5	92532.47	130.8831787109375	96.82716244761782
7789.5	97885.74	129.4508056640625	99.58865112910482
7108	89321.76	123.79592895507812	95.1324691363445
6564	82485.66	119.13246154785156	91.4196060571342
10918	137199.63	153.01593017578125	117.9034747130826
6566.5	82517.07	118.767578125	91.43701367883493
9039	113587.42	144.96092224121094	107.27913238305544
6363.5	79966.1	116.96553039550781	90.01255380735627
9874.5	124086.63	145.54759216308594	112.12762320002759
7263.5	91275.83	105.5921630859375	96.1674343693532
7958.5	100009.46	130.74534606933594	100.6631855087787
7780	97766.36	131.7936553955078	99.5279039166382
8200.5	103050.52	135.22019958496094	102.18219456735456
16234.5	204008.74	183.65818786621094	143.77206748531856
11459	143998.04	160.16282653808594	120.78928736903877
8233.5	103465.21	130.81309509277344	102.38758612047147
7075.5	88913.36	121.39710235595703	94.91473225360562
6642.5	83472.12	111.6344985961914	91.96463274489449
9099.5	114347.69	137.90472412109375	107.6375549579124
6825	85765.48	119.77820587158203	93.21941800299702
7739.5	97257.43	131.879150390625	99.26851190824708
10385	130501.76	152.3813018798828	114.98953288049597
8109.5	101906.98	130.06170654296875	101.6136609321296
6827.5	85796.9	119.40425109863281	93.23648959328811
6363.5	79966.1	114.92377471923828	90.01255380735627
8094.5	101718.49	123.12442779541016	101.51964093149057
5738	72105.83	109.51943969726562	85.47425640326077
4619	58044.07	98.08686828613281	76.68828761376614
6363.5	79966.1	114.97451782226562	90.01255380735627
8576	107769.19	133.17669677734375	104.49546562243147
7419.5	93236.19	124.61632537841797	97.19465418510701
7862	98796.81	132.81544494628906	100.05103348145809
7547	94838.4	125.27600860595703	98.02621508615067
8652.5	108730.52	134.47012329101562	104.96049333354429
5612	70522.47	108.07610321044922	84.53058810308688
9306	116942.64	143.89291381835938	108.8520427153548
8183	102830.61	135.4386749267578	102.0731071074445
8789	110445.83	135.42636108398438	105.7851707881466
8105	101850.43	129.76675415039062	101.5854640688248
6255.5	78608.93	114.2503433227539	89.24544790683058
5668.5	71232.47	108.8336181640625	84.95503728050073
5384	67657.34	105.96678924560547	82.79566237946355
5471	68750.61	110.76084899902344	83.46192874146915
9222	115887.07	143.5114288330078	108.3596561527752
6669	83805.13	133.95675659179688	92.14789484214384
7759.5	97508.75	117.42585754394531	99.39669133010663
7419.5	93236.19	140.43722534179688	97.19465418510701
12610	158461.93	160.54624938964844	126.71049940360271
10696	134409.9	147.59359741210938	116.6986296855593
7571	95139.99	141.83541870117188	98.1819565561306
8373.5	105224.5	149.0816650390625	103.2544010095448
16947	212962.28	173.0302276611328	146.89312633553283
7393.5	92909.46	143.78094482421875	97.024206124036
8659	108812.2	149.47589111328125	104.99991056120845
10749	135075.92	155.959716796875	116.98740045987117
15156	190455.91	184.4508056640625	138.9144288402257
5033	63246.54	115.50760650634766	80.05132496500026
7494.5	94178.66	123.6060791015625	97.68466495831204
7367	92576.45	122.76873016357422	96.85017153347712
6631.5	83333.89	132.6648406982422	91.88845433954819
8306.5	104382.56	134.69366455078125	102.84047976522974
6150	77283.18	140.4625701904297	88.48967849484623
10041	126178.93	162.77813720703125	113.06899782294778
8605	108133.62	123.60082244873047	104.67199378270233
7248	91081.05	122.2711410522461	96.06477096334774
7748	97364.24	141.0242919921875	99.32300837473683
9955	125098.22	142.49095153808594	112.58374513151774
5485.5	68932.83	133.2846221923828	83.57245672256342
4093.5	51440.44	91.59368133544922	72.19422467464686
5893	74053.62	137.62010192871094	86.6210172944437
8218.5	103276.72	129.6380615234375	102.29427744701037
19884.5	249876	245.5388946533203	159.1154666501228
5230	65722.12	148.58648681640625	81.60295839591173
9104	114404.24	136.10389709472656	107.66416681175274
8257.5	103766.81	129.77574157714844	102.53670338298674
10340	129936.27	182.1962127685547	114.74012764748687
7360	92488.49	152.5148468017578	96.80414789279847
6528	82033.27	115.22632598876953	91.16856776340813
6771.5	85093.18	166.73150634765625	92.853333689072
10429.5	131060.96	145.80564880371094	115.23563611928117
8441.5	106079.02	162.91278076171875	103.67281040312294
7292.5	91640.26	133.1384735107422	96.35922052393936
11082	139260.52	168.75650024414062	118.78569204561244
8940.5	112349.64	183.7731475830078	106.69300890735401
10001	125676.27	143.5742950439453	112.84355846434639
9194	115535.21	153.43612670898438	108.19502934190224
8429	105921.94	153.5811004638672	103.59602368128174
7004	88014.86	125.14241027832031	94.43394395727142
11252	141396.8	143.78562927246094	119.69332210846206
9184	115409.55	155.23336791992188	108.13617331331702
10529	132311.32	146.52182006835938	115.7840194781496
8697.5	109296.01	156.019287109375	105.233079116474
12626.5	158669.28	194.42002868652344	126.7933717179196
6872.5	86362.38	136.56492614746094	93.54324546001388
11500.5	144519.55	153.44882202148438	121.00781538490288
8061	101297.51	151.9468994140625	101.30934789105173
11467	144098.57	153.2071075439453	120.83144400146061
6295	79105.3	132.78941345214844	89.52677216401723
10420.5	130947.86	170.05224609375	115.18590484912971
8945.5	112412.47	176.1261749267578	106.72283892133116
9869	124017.51	142.08261108398438	112.09639185536402
6930	87084.95	138.8253173828125	93.93375349156807
7031.5	88360.43	204.5121307373047	94.61915164915239
8240.5	103553.18	152.24049377441406	102.43110107965309
8426.5	105890.52	170.75967407226562	103.58065950606246
8823	110873.09	175.41714477539062	105.9895867677497
8272.5	103955.3	151.91094970703125	102.62979164853465
11142	140014.5	155.95460510253906	119.10682183418035
9564	120184.77	135.69970703125	110.35063663544084
9723	122182.82	148.57020568847656	111.26413660052366
13068	164217.33	158.35311889648438	128.99106314237088
10141.5	127441.85	134.8143310546875	113.63344068948916
13939	175162.64	163.31668090820312	133.2204414272203
8505.5	106883.27	128.3035125732422	104.0650707381921
6835	85891.14	114.39433288574219	93.28768561961883
11005	138292.91	141.11068725585938	118.37229908137489
9526.5	119713.53	135.14865112304688	110.13408429237303
11360	142753.97	147.66371154785156	120.26637613311314
11311.5	142144.5	147.3184814453125	120.00937092690634
12037.5	151267.69	152.32696533203125	123.8007310953757
7481.5	94015.3	142.49366760253906	97.59990601397176
6685	84006.19	113.251953125	92.25836740672665
8054.5	101215.83	124.06583404541016	101.26849417794938
9062.5	113882.73	131.7963104248047	107.41849642478903
13018	163589.01	157.32522583007812	128.74405770117062
6696	84144.42	113.65032958984375	92.33424062365299
9993.5	125582.02	143.05508422851562	112.80123842543064
7037	88429.55	116.09687805175781	94.65614970143959
9472	119028.66	146.2341766357422	109.81860028124316
11418	143482.82	147.13790893554688	120.57300328757714
13742	172687.06	162.3123016357422	132.27568871017309
10176	127875.39	119.97859191894531	113.82655932261599
11656	146473.62	176.11480712890625	121.8231510569032
12141	152568.31	151.60562133789062	124.33181938920387
11807	148371.14	150.3548583984375	122.60970314248407
12771.5	160491.4	155.71620178222656	127.51932734132944
9157.5	115076.54	132.44583129882812	107.98004968933962
9120	114605.3	134.766357421875	107.75873351141746
15642	196563.17	167.1311798095703	141.12410481114634
13591.5	170795.83	160.82681274414062	131.5493643932496
7981	100292.2	127.75382232666016	100.80538084116013
7922	99550.79	112.12997436523438	100.43208488024113
10148	127523.53	137.6761016845703	113.66985044404885
10345	129999.1	145.29647827148438	114.76786610495665
6606	83013.44	122.12144470214844	91.71161558123642
9892	124306.54	137.45260620117188	112.22693783811545
8127	102126.89	113.65984344482422	101.72324110085496
7990.5	100411.58	140.2421875	100.86535868278226
8608	108171.32	126.87206268310547	104.69023832755508
11155	140177.86	151.6711883544922	119.17628590252652
7586.5	95334.77	106.0489273071289	98.28240842660152
11212.5	140900.43	164.05079650878906	119.48304647665715
9651	121278.04	149.7918701171875	110.85140885996468
9927	124746.36	137.2509765625	112.42530391591548
9125.5	114674.42	130.63619995117188	107.79122165316026
7278	91458.05	117.70980072021484	96.26337520876002
12575	158022.11	154.94992065429688	126.53452997124805
11442	143784.41	147.9369659423828	120.69965563687302
13892	174572.02	171.87054443359375	132.99565314498395
7478	93971.32	125.77527618408203	97.57707371882776
8107.5	101881.85	131.96685791015625	101.60112995897404
12251.5	153956.89	154.1024627685547	124.89633414285163
7919.5	99519.37	124.72330474853516	100.41623660808106
9088	114203.18	136.30300903320312	107.56951697647972
9664	121441.41	139.49754333496094	110.92604275065712
11351	142640.87	151.95303344726562	120.21872596350717
9938	124884.59	141.29409790039062	112.48757529424326
7374	92664.42	134.45582580566406	96.89617331389867
7979.5	100273.35	123.03955841064453	100.79590739317857
8163.5	102585.57	129.73077392578125	101.9514150144347
7174	90151.14	118.6300277709961	95.57311595804573
5683.5	71420.97	93.77843475341797	85.06736714217912
9799	123137.87	143.98150634765625	111.6981391915723
6178.5	77641.32	110.02687072753906	88.69447856065338
8872	111488.84	130.571044921875	106.28349467763263
7554	94926.36	119.67334747314453	98.07166522971566
12089	151914.85	164.05419921875	124.06527659382935
10268.5	129037.78	140.34530639648438	114.3427315797249
7628	95856.28	116.76708984375	98.55085614666075
8003.5	100574.95	125.02604675292969	100.94737587618549
10705.5	134529.28	144.43177795410156	116.75044302340905
8915	112029.19	130.49713134765625	106.54074592058184
7602.5	95535.83	121.08465576171875	98.38599310292636
8193	102956.27	124.00375366210938	102.13545706567915
6019	75636.98	113.09751892089844	87.54215453003738
7632	95906.54	127.73632049560547	98.57669199876187
9874	124080.34	150.58079528808594	112.12478434634778
4646	58383.36	94.69027709960938	76.91209868960517
9740	122396.45	150.0186309814453	111.36136298429759
9414.5	118306.1	136.35821533203125	109.48476466572502
12426.5	156156	156.2655792236328	125.78517878769144
9203	115648.31	132.58834838867188	108.24797240686637
5225	65659.29	109.54798889160156	81.56394191823507
7388	92840.35	113.16354370117188	96.98811141837633
6303	79205.83	109.19564056396484	89.58364164547973
8026.5	100863.97	125.45465850830078	101.09232021185775
6122	76931.32	104.29226684570312	88.28800877168239
8912.5	111997.78	130.70724487304688	106.52580646234104
7697.5	96729.64	120.63243865966797	98.9987949199328
7864.5	98828.22	112.06346130371094	100.06693959330268
5809	72998.05	105.65556335449219	86.00144484464526
7056.5	88674.59	111.37705993652344	94.78720824786262
9214.5	115792.82	132.5821075439453	108.315584220195
9806	123225.83	136.2379913330078	111.73802833267197
13884	174471.49	161.3089141845703	132.95735346005875
8770	110207.07	129.68637084960938	105.670766096056
7648	96107.6	135.6826629638672	98.67996776516763
8543.5	107360.79	123.34215545654297	104.297277291619
10882	136747.25	139.14193725585938	117.70893222609762
8619.5	108315.83	123.8764419555664	104.76014631454433
11372	142904.77	142.1260986328125	120.32988034037211
6182	77685.3	122.1630859375	88.71959685183865
9297.5	116835.83	127.76783752441406	108.80231921781436
8849.5	111206.1	119.85859680175781	106.14863800884976
6155.5	77352.29	102.1507339477539	88.52923820759611
4901	61587.78	90.47136688232422	78.99460113670447
15476.5	194483.43	159.01304626464844	140.37553851755564
9169.5	115227.34	121.88878631591797	108.0507751265537
6579.5	82680.44	117.33149719238281	91.52747994228292
7767	97603	114.00482940673828	99.44471601828832
7363.5	92532.47	110.65385437011719	96.82716244761782
9279.5	116609.64	144.1290740966797	108.69694731394227
5442	68386.19	107.42930603027344	83.24043249796793
7469.5	93864.51	128.51962280273438	97.52160160394875
10385	130501.76	151.59474182128906	114.98953288049597
6762	84973.8	111.73595428466797	92.78817705666586
6282.5	78948.22	102.4916763305664	89.43784120716835
4925	61889.38	90.71022033691406	79.18778161951928
11740	147529.19	158.73745727539062	122.26132771727457
10408.5	130797.07	130.09437561035156	115.11956306977515
7452.5	93650.88	113.25882720947266	97.41056260559633
5410.5	67990.35	95.06224060058594	82.99917202472322
9395.5	118067.34	128.81124877929688	109.37422979184457
7418.5	93223.62	114.87359619140625	97.18810401802169
7977.5	100248.22	121.64955139160156	100.78327474400086
7847	98608.31	118.12035369873047	99.95554365585143
4959	62316.63	90.85304260253906	79.46065002466109
4513	56712.03	87.05252838134766	75.80323255237728
6441.5	80946.28	103.79183197021484	90.56253379522654
6536.5	82140.08	118.7582778930664	91.22790299114297
6386.5	80255.13	103.48954772949219	90.17507611558261
7411.5	93135.66	114.8412094116211	97.14224048170115
7814.5	98199.9	100.74847412109375	99.74833543640179
6154	77333.44	115.28153991699219	88.51845094837681
6129	77019.29	101.23588562011719	88.33846936460814
6884	86506.9	110.60094451904297	93.62147737542311
7429	93355.57	115.00404357910156	97.25685877015319
6283.5	78960.79	113.1092758178711	89.44495893756896
5050	63460.17	98.1852035522461	80.18640596081465
9314	117043.18	138.02459716796875	108.89882056139683
5356	67305.48	107.40122985839844	82.58008840877764
9616.5	120844.5	135.1106719970703	110.65309793198604
6033	75812.91	115.46695709228516	87.64390551194782
7879.5	99016.72	131.83340454101562	100.16232321956552
5607.5	70465.92	102.51707458496094	84.49669074645719
8656	108774.5	128.22689819335938	104.98171983363375
6883.5	86500.61	96.2822265625	93.61807734719024
6996	87914.33	115.31144714355469	94.37999711256194
9529	119744.95	144.87379455566406	110.14853436056862
8443	106097.87	127.9774169921875	103.68202098820692
8717	109541.05	124.37609100341797	105.3509805908631
4407.5	55386.28	91.65687561035156	74.911970294608
6583	82724.42	111.72665405273438	91.55182097037489
8298	104275.74	120.19157409667969	102.78784822250333
8018.5	100763.44	129.00241088867188	101.04192837361579
10273	129094.33	139.5511474609375	114.36778323926859
10015.5	125858.48	138.15582275390625	112.92533223460103
3443.5	43272.3	79.57434844970703	66.21480478182755
6583.5	82730.7	120.58661651611328	91.5552977318295
6440.5	80933.71	119.31212615966797	90.55550390708902
5036	63284.24	104.09506225585938	80.07517934595138
7042	88492.38	115.81132507324219	94.68977174977779
6011.5	75542.74	107.51270294189453	87.48759639614882
7195	90415.04	116.86487579345703	95.71289633257106
9443.5	118670.52	139.04457092285156	109.65326096704334
9660.5	121397.42	133.6147003173828	110.90595395159828
10112.5	127077.42	133.46231079101562	113.47085483124877
8820	110835.39	132.1709747314453	105.97156592484673
11556	145216.98	145.93499755859375	121.29944838687248
7083	89007.6	136.4711456298828	94.96502353687465
6492	81580.88	110.82034301757812	90.91683630890748
6400.5	80431.06	110.42301940917969	90.27385948367008
12769	160459.99	175.3057098388672	127.50684588179293
3828	48104.07	79.04841613769531	69.81375922585893
6937	87172.91	114.91972351074219	93.98118280713338
5606	70447.07	121.02924346923828	84.48538860528086
8280	104049.55	134.9599609375	102.67630413297485
5656.5	71081.68	103.22858428955078	84.86506633942172
7347.5	92331.41	120.93138885498047	96.72190835039189
12142	152580.87	163.29063415527344	124.3369396123869
4014	50441.41	84.07677459716797	71.48974424745792
5773	72545.66	101.1202392578125	85.73454316526154
6354.5	79853	114.99083709716797	89.94887818655434
14045.5	176500.96	152.58909606933594	133.72840395958417
10801.5	135735.65	133.4745330810547	117.27274594916271
8427.5	105903.09	132.5789794921875	103.58680544961112
8337.5	104772.11	131.53170776367188	103.03220226817157
9992	125563.18	143.38186645507812	112.79277251222149
12412	155973.79	174.8096923828125	125.71177044832692
8750	109955.74	134.94512939453125	105.5502061411188
8707	109415.39	123.85646057128906	105.29053478831354
10790	135591.14	136.15208435058594	117.21030111595314
7757	97477.34	116.9071273803711	99.38067794350498
16762.5	210643.79	164.703369140625	146.09133399563154
12543	157619.99	157.648681640625	126.37342920730269
10928	137325.3	139.58694458007812	117.957457351648
9180	115359.28	127.03385925292969	108.11262193041475
11650	146398.22	144.0460205078125	121.79179240065665
8046	101109.02	132.01907348632812	101.21504521037927
10679.5	134202.55	137.1451416015625	116.60858338046633
7282.5	91514.59	113.14144134521484	96.29313051580483
14063.5	176727.15	167.23660278320312	133.81406629118987
7911.5	99418.84	118.10636901855469	100.36550532016585
12269.5	154183.08	146.937744140625	124.9880498052837
11740.5	147535.47	158.99923706054688	122.26393121016181
9596.5	120593.18	144.20338439941406	110.53797216816938
14657	184185.29	178.2459259033203	136.60846242888206
11819	148521.93	144.28018188476562	122.67199427426331
6829.5	85822.03	109.78305053710938	93.25014461527013
11280.5	141754.94	136.1588592529297	119.84481083628529
14266.5	179278.13	152.8837890625	134.7763776222087
12457	156539.28	142.88626098632812	125.93944977157047
8171.5	102686.1	133.05006408691406	102.00135753902191
7937.5	99745.57	114.31549072265625	100.53028840272644
6683	83981.05	117.81090545654297	92.24456557144758
10093	126832.38	141.8668975830078	113.36139874318769
11808.5	148389.99	144.16004943847656	122.61749126452217
12646	158914.32	158.3741455078125	126.89124194648294
10251.5	128824.15	129.59515380859375	114.24804240271482
7552	94901.23	122.56390380859375	98.05868162401507
9357.5	117589.81	124.11515045166016	109.15282424133278
9486.5	119210.87	126.54669952392578	109.90262481456082
8938	112318.22	123.17450714111328	106.67809077239284
8148.5	102397.07	130.12228393554688	101.85770677898886
6406.5	80506.45	115.42096710205078	90.31616213804604
9880	124155.74	132.09945678710938	112.15884584812474
7848.5	98627.16	129.60260009765625	99.96509674308291
8004.5	100587.51	119.56925964355469	100.9536821311269
9398.5	118105.03	135.189697265625	109.39169009204231
6912.5	86865.04	115.9751205444336	93.81507529700018
7867	98859.64	118.3603744506836	100.08284317719757
11711.5	147171.05	130.83497619628906	122.11283686888065
8442	106085.3	112.4128646850586	103.67588068906983
9881	124168.31	132.87278747558594	112.16452175945896
9619	120875.92	136.83106994628906	110.66748023158172
9341	117382.47	154.94383239746094	109.05654765932742
11389	143118.39	148.84518432617188	120.41978730669129
11200	140743.35	153.8589324951172	119.41642642883693
10589	133065.3	127.38191986083984	116.11345115532755
10538.5	132430.7	144.7642822265625	115.83624192018452
10126	127247.07	134.3092803955078	113.5465703136306
9059	113838.75	127.1042709350586	107.39775153957292
11427	143595.92	151.01844787597656	120.62051350283957
8233.5	103465.21	124.0387954711914	102.38758612047147
10194	128101.58	142.41465759277344	113.92718691791809
16071.5	201960.43	156.6698760986328	143.04848598713363
9950	125035.39	139.50511169433594	112.55546841497693
9402	118149.02	135.5345916748047	109.41205692061547
10151	127561.23	149.44595336914062	113.68665101324181
11374	142929.9	150.02926635742188	120.34046111685687
7669.5	96377.78	125.73748016357422	98.81857461199453
8899.5	111834.42	138.149658203125	106.44808748103735
9815.5	123345.21	138.15097045898438	111.79214082997065
12671	159228.48	139.28854370117188	127.01660628177422
11993.5	150714.77	157.8554229736328	123.57426301532684
9903.5	124451.05	122.39308166503906	112.29215391684623
4585.5	57623.09	97.70926666259766	76.40968480751042
9257.5	116333.18	138.53590393066406	108.56802054650241
10776.5	135421.49	144.63290405273438	117.1369538354079
13935	175112.37	146.0826416015625	133.20132527825874
9481.5	119148.04	140.59246826171875	109.87365809604432
10780	135465.48	154.4049835205078	117.15597420637607
8363	105092.56	112.855712890625	103.18964246774075
11192.5	140649.1	131.0686798095703	119.37643655449055
11234.5	141176.89	164.84738159179688	119.60020763078627
7942.5	99808.4	129.80381774902344	100.56194650094552
8788	110433.26	135.34161376953125	105.7791525733337
8437.5	106028.75	122.8542709350586	103.64824484140064
8910.5	111972.65	112.23880767822266	106.51385338707199
11461	144023.17	136.65321350097656	120.79982790637452
13105.5	164688.57	149.64503479003906	129.17600726731987
11857.5	149005.74	157.27041625976562	122.87163180204449
11498.5	144494.41	151.2032470703125	120.99729296615386
9320	117118.57	114.96879577636719	108.93389076376423
9357.5	117589.81	123.40044403076172	109.15282424133278
6299.5	79161.85	112.0789566040039	89.55876569079744
7889.5	99142.38	125.53021240234375	100.22586187301192
5647.5	70968.58	94.56572723388672	84.79752548802253
8803.5	110628.04	132.35765075683594	105.87239645949272
6765	85011.5	109.70880889892578	92.8087577771267
10471	131582.47	151.72438049316406	115.46467543331981
9893.5	124325.39	147.59986877441406	112.23544643220934
9414.5	118306.1	127.72277069091797	109.48476466572502
10173	127837.69	143.5132293701172	113.8097794066521
16666	209431.13	183.36349487304688	145.6702105873271
9699	121881.23	139.42820739746094	111.12673100737888
7928	99626.19	119.63683319091797	100.47011053373222
13620	171153.97	167.90179443359375	131.6872150183643
12204	153359.99	156.4564971923828	124.65398270391495
7482.5	94027.87	126.13227844238281	97.60642854587425
14021.5	176199.37	164.207763671875	133.61410208695818
10230	128553.97	143.10260009765625	114.12817593671036
17103	214922.64	182.5797576904297	147.56766561007018
8633	108485.48	121.1319580078125	104.84215273304274
8616	108271.85	131.26963806152344	104.7388749101219
8180.5	102799.19	127.99108123779297	102.05751366609907
7324.5	92042.38	121.03350067138672	96.57040460416793
9394	118048.49	137.5879669189453	109.36549859641349
8871	111476.27	133.2671661376953	106.27750468159114
10572.5	132857.95	145.33583068847656	116.02295068956188
9036.5	113556.01	134.5282745361328	107.26429576517667
7307	91822.47	121.04463195800781	96.45497059965253
7713	96924.42	124.31776428222656	99.09841879940522
10226.5	128509.99	143.99920654296875	114.10865087377968
16184.5	203380.43	180.71185302734375	143.5504977761005
7098	89196.1	119.28118133544922	95.06552628860888
9685	121705.3	139.51815795898438	111.04649922784623
7374	92664.42	121.7184829711914	96.89617331389867
7179.5	90220.26	124.89947509765625	95.60974485598265
7979.5	100273.35	126.28290557861328	100.79590739317857
5608	70472.21	99.35709381103516	84.50045779091846
5612.5	70528.76	112.08729553222656	84.5343536370043
11724	147328.13	153.40211486816406	122.17798665256785
13237.5	166347.33	163.93203735351562	129.82491468678774
5669.5	71245.04	101.60340118408203	84.96253055833498
6932	87110.08	117.72357177734375	93.94730716792338
6830	85828.31	116.9001235961914	93.25355805834522
6283.5	78960.79	112.36058044433594	89.44495893756896
9805.5	123219.55	140.24871826171875	111.73517958056289
6767	85036.63	116.38350677490234	92.82247572233165
9903	124444.77	141.39483642578125	112.28931922276631
6880	86456.63	117.66378784179688	93.59427369117151
9834.5	123583.97	133.65512084960938	111.90028732178465
5361.5	67374.6	103.58008575439453	82.62247768675044
8963.5	112638.66	133.95184326171875	106.83015800434646
10108	127020.87	142.37091064453125	113.44560510739508
5438	68335.92	104.5304183959961	83.20983502128709
11660	146523.88	153.0248565673828	121.84405234401882
15138.5	190236	174.80755615234375	138.83420633249307
7773.5	97684.68	125.0902328491211	99.48631866241101
12796	160799.28	160.6016845703125	127.64158105582656
8180.5	102799.19	128.18020629882812	102.05751366609907
8030.5	100914.24	126.78929901123047	101.11750671370277
8796	110533.8	127.52501678466797	105.82728870896435
8127	102126.89	121.2763442993164	101.72324110085496
8927.5	112186.27	134.399658203125	106.61541181097208
9865	123967.25	140.6761932373047	112.07367268369669
7475	93933.62	122.58705139160156	97.55749892701914
9319	117106.01	136.96868896484375	108.92804651414154
7058.5	88699.73	119.41956329345703	94.80063990561005
7603	95542.12	123.54200744628906	98.38922836683618
8114	101963.53	154.5592041015625	101.64184997323254
5424	68159.99	106.27654266357422	83.1026551359433
9635	121076.98	139.54786682128906	110.75948272506194
7337.5	92205.74	133.1090087890625	96.65606633571562
6730.5	84577.96	116.28356170654297	92.57180324396847
9424.5	118431.76	134.49591064453125	109.54289611543298
7657.5	96226.98	129.87493896484375	98.74123664310423
8898.5	111821.85	164.14048767089844	106.44210674740447
11824.5	148591.05	195.74659729003906	122.70053380780759
12433	156237.69	149.30386352539062	125.81807207111495
9644	121190.08	161.78160095214844	110.81120055944665
9032.5	113505.74	138.8543243408203	107.24055290709927
11410	143382.29	155.59585571289062	120.53075626340443
9088	114203.18	118.32621002197266	107.56951697647972
9657	121353.44	162.16464233398438	110.88586151312289
15959.5	200552.99	178.51052856445312	142.54917226768043
9146	114932.03	143.79263305664062	107.91222764889899
13275	166818.57	153.3898468017578	130.00867261978826
6586	82762.12	106.10269165039062	91.57267955905725
10327	129772.91	132.88853454589844	114.66797625527376
10146	127498.4	151.0484619140625	113.65864868492393
8983	112883.71	140.3978271484375	106.94629881560168
10462.5	131475.65	133.62562561035156	115.41780077956624
13162	165398.57	188.25320434570312	129.45415747593512
9953.5	125079.37	123.31498718261719	112.57526286232442
9943	124947.42	143.2106475830078	112.51586907321884
15156.5	190462.2	208.0494842529297	138.91672023114603
13124	164921.05	167.33502197265625	129.26714890142924
12181.5	153077.24	152.3472900390625	124.53902004669615
16303.5	204875.82	185.5580291748047	144.07727411909806
10567	132788.84	135.4849853515625	115.9927681763672
7779.5	97760.08	153.5135040283203	99.524705667825
16643.5	209148.39	187.6500244140625	145.57184605135598
8252	103697.69	136.6712646484375	102.50254983733119
10179	127913.09	154.6534881591797	113.84333676530753
10864.5	136527.33	151.4217529296875	117.6142467296168
7421	93255.04	132.51809692382812	97.20447860813638
13471	169281.58	174.41806030273438	130.96491861230388
7360	92488.49	132.06784057617188	96.80414789279847
7935.5	99720.43	126.19921112060547	100.51762237163136
13442	168917.15	197.2096710205078	130.8238738164027
9174.5	115290.17	147.50665283203125	108.08023039933228
8027	100870.26	125.22802734375	101.09546886774477
9674	121567.07	143.4099884033203	110.98341928309816
11735.5	147472.64	167.1779022216797	122.23789378600853
9276.5	116571.94	119.44441223144531	108.679375397247
12897	162068.48	175.21701049804688	128.14433428150224
9578.5	120366.98	142.33218383789062	110.43425636660825
13125	164933.61	150.80581665039062	129.27207364566027
10797.5	135685.39	136.11915588378906	117.25102977917899
13407.5	168483.61	178.12904357910156	130.65588083219484
12131	152442.64	141.30227661132812	124.28060555526055
10712.5	134617.25	169.77427673339844	116.78860656320646
12156.5	152763.08	156.1457977294922	124.4111591681912
8005.5	100600.08	122.45042419433594	100.95998799216126
10640	133706.18	144.35275268554688	116.39273497938835
15399	193509.54	161.50486755371094	140.023625682871
11528.5	144871.4	147.63824462890625	121.1550332899105
14679.5	184468.04	186.96533203125	136.71327622780393
8951	112481.58	137.86582946777344	106.75564230954934
10388.5	130545.74	142.2819061279297	115.00890839618137
9626.5	120970.17	147.7960205078125	110.71061592003291
13887	174509.19	168.02317810058594	132.97171713464937
10209	128290.08	152.19888305664062	114.0109754023764
9944	124959.99	169.0785369873047	112.52152697527019
10791.5	135609.99	160.35011291503906	117.21844798072318
13386	168213.44	174.2586212158203	130.5510802169974
9019.5	113342.38	135.01206970214844	107.16335228863831
10421.5	130960.43	157.44772338867188	115.19143160607693
8910	111966.36	129.02764892578125	106.51086490865755
14227.5	178788.04	183.89694213867188	134.59203402400726
13006	163438.22	175.76101684570312	128.6847058465983
11079	139222.82	178.73333740234375	118.7696127640436
11369.5	142873.35	151.26193237304688	120.31665306127175
7742	97288.84	154.3057861328125	99.2845433858646
8984	112896.27	129.56875610351562	106.9522513549888
14098	177160.69	183.0502471923828	133.97809933595985
11069	139097.16	140.51878356933594	118.7159994300411
9792	123049.9	158.10067749023438	111.65823580035067
8324	104602.47	136.06019592285156	102.94875409821867
13580	170651.31	162.17919921875	131.49369953539033
12615.5	158531.05	166.1615753173828	126.73812952938214
10160	127674.33	161.74728393554688	113.73703783073152
10997	138192.38	145.57656860351562	118.32926634376038
11970	150419.46	173.45819091796875	123.45313827716126
10473.5	131613.88	156.7637939453125	115.47845847509278
14926	187565.65	195.3330078125	137.85635075946644
9377	117834.86	129.9605712890625	109.26649628766185
16230.5	203958.48	197.76919555664062	143.75435447604383
13152.5	165279.19	148.6380157470703	129.4074306681391
8823.5	110879.37	139.6950225830078	105.99258994368762
14538.5	182696.18	183.3592987060547	136.0551106027707
14841	186497.51	170.16610717773438	137.4632608496341
9868.5	124011.23	164.13755798339844	112.09355221072688
14005.5	175998.3	163.9286651611328	133.53784648476372
20116	252785.11	189.5547637939453	160.03901612385818
15195	190946	188.37130737304688	139.09304397507015
12777.5	160566.8	183.76902770996094	127.54927786096455
13412	168540.16	173.06387329101562	130.67780520803066
14848.5	186591.75	160.16847229003906	137.49799045804292
17639.5	221664.49	208.50064086914062	149.8643017845007
8789.5	110452.11	137.24778747558594	105.78817976716356
12716	159793.97	169.53318786621094	127.24195082932488
12901	162118.75	166.33868408203125	128.16420470095517
11286.5	141830.34	148.34690856933594	119.8766788064026
13545.5	170217.77	156.94091796875	131.32656339526343
9756	122597.51	179.8883056640625	111.45279269016208
10630	133580.52	143.2012481689453	116.33802628777394
9414.5	118306.1	129.5146942138672	109.48476466572502
9411.5	118268.4	163.39413452148438	109.46731921114623
12632.5	158744.68	183.056396484375	126.823493678683
9038	113574.86	146.38404846191406	107.27319798214464
13157	165335.74	177.30780029296875	129.4295665220298
10039	126153.79	118.16317749023438	113.05773653136833
12084	151852.02	165.60223388671875	124.03961729455516
10037	126128.66	152.39524841308594	113.0464741179787
22033	276874.84	226.05377197265625	167.4911546594322
14861	186748.83	184.6422576904297	137.55585365337694
17504.5	219968.03	197.6092071533203	149.28972372811418
15892.5	199711.04	205.72390747070312	142.24963783680988
13253.5	166548.39	184.05111694335938	129.9033498649957
17966	225767.41	176.72186279296875	151.24490623062957
17430.5	219038.12	174.13330078125	148.97382952890166
6675.5	83886.81	105.55937194824219	92.19279028687427
7769	97628.13	125.18338012695312	99.45751868535369
11869	149150.25	170.52435302734375	122.93120090709944
10251	128817.87	148.36886596679688	114.24525623884851
11573	145430.61	134.11105346679688	121.38863724097095
9555	120071.67	125.99586486816406	110.29870284796861
12879	161842.29	169.92880249023438	128.054879237943
14162.5	177971.22	190.559326171875	134.28423232945758
16549.5	207967.15	168.6328125	145.16017995853605
13552.5	170305.74	165.33103942871094	131.3604922723088
17260	216895.56	173.0840301513672	148.24343001336993
10096.5	126876.36	128.927001953125	113.38105248858193
9989.5	125531.76	153.52947998046875	112.778661244634
11503	144550.96	161.13815307617188	121.02096712177017
8453	106223.53	129.19729614257812	103.7434039910313
13020.5	163620.43	171.71029663085938	128.75641922725325
9358	117596.1	146.97219848632812	109.15574038790471
9561.5	120153.35	159.93077087402344	110.33621303536414
10621.5	133473.71	146.30792236328125	116.29150366387276
12442.5	156357.07	158.48655700683594	125.86613140701219
12999	163350.25	161.9390411376953	128.65007128646442
9461.5	118896.72	146.02182006835938	109.75771477446013
18123	227740.33	215.28477478027344	151.90431287239792
12441.5	156344.5	167.45626831054688	125.86107339373253
9400	118123.88	150.05740356445312	109.40041919714261
11719.5	147271.58	164.72096252441406	122.15453673328608
8839	111074.15	147.4849395751953	106.08564622942212
8093.5	101705.92	144.20472717285156	101.51336983527855
12655	159027.42	144.06285095214844	126.93638737030247
9378.5	117853.71	120.79777526855469	109.27523539347203
7787	97854.33	115.52166748046875	99.57266861369496
8461	106324.06	139.9198455810547	103.7924842558661
9022.5	113380.08	124.52960205078125	107.18117275143526
7448.5	93600.61	126.36764526367188	97.38441738265861
7902	99299.46	118.68344116210938	100.30522859002544
14405	181018.57	154.64810180664062	135.42900591051395
6728.5	84552.82	107.92698669433594	92.55804814682807
9117	114567.6	141.24700927734375	107.74100857774852
9875	124092.91	145.23716735839844	112.13046198183496
12873.5	161773.17	170.89772033691406	128.02753328541527
8198.5	103025.39	118.56665802001953	102.1697333240683
12415	156011.49	164.91050720214844	125.72696189714856
12001	150809.01	162.60598754882812	123.6128948628204
8914	112016.63	138.17388916015625	106.53477038868222
6127.5	77000.44	114.54429626464844	88.32765880722023
7427	93330.43	126.01543426513672	97.24376637475562
10780.5	135471.76	154.0976104736328	117.15869115015506
11882.5	149319.9	136.0853271484375	123.0010930452066
12217	153523.35	167.47628784179688	124.7203572718964
14477	181923.35	143.2831573486328	135.76703903794524
11072.5	139141.14	119.05541229248047	118.73476685065789
13398	168364.23	155.37086486816406	130.60958395294622
6315	79356.63	109.04573059082031	89.66887824101823
10541.5	132468.4	141.05740356445312	115.85272832706927
8206.5	103125.92	124.56350708007812	102.21956918256461
9636	121089.55	134.65061950683594	110.76523034358765
8759	110068.84	128.27552795410156	105.60447515297489
9970.5	125293	136.73562622070312	112.67135785452281
10278	129157.16	139.08248901367188	114.39561198222597
7079	88957.34	115.54804992675781	94.93820483440909
10815.5	135911.58	142.838134765625	117.34872089666403
11373.5	142923.62	146.2001495361328	120.3378160099533
8603.5	108114.77	127.3674545288086	104.66287031764881
10012	125814.5	137.66152954101562	112.90559916092934
6127.5	77000.44	107.25218963623047	88.32765880722023
7883.5	99066.98	121.90365600585938	100.18774351645841
8474	106487.42	126.24346160888672	103.87219022474576
7383	92777.51	117.79334259033203	96.95528638903454
8586	107894.86	127.14664459228516	104.5563710688933
11356	142703.7	146.06411743164062	120.2452006111367
10267	129018.93	144.65908813476562	114.33437980675767
9076.5	114058.66	130.64955139160156	107.50143593361302
8966	112670.08	129.9932861328125	106.84505490707312
8080.5	101542.56	123.33972930908203	101.43181030245138
7969.5	100147.69	122.3307113647461	100.73272830498973
6395.5	80368.22	109.88999938964844	90.23859212306968
8878	111564.24	129.1031951904297	106.31942756692577
9722	122170.26	135.3164825439453	111.25841475553771
8305	104363.71	125.08769989013672	102.83119380336653
7046.5	88548.93	115.09098815917969	94.72002138923071
8149.5	102409.64	126.39044952392578	101.8639566766342
7622.5	95787.16	121.73319244384766	98.51532078688967
9612.5	120794.24	134.5746307373047	110.63008236355405
14240	178945.12	163.72291564941406	134.65114599225927
9475	119066.36	133.47140502929688	109.83598994121037
10915	137161.94	143.36077880859375	117.88727510119276
11688	146875.74	148.4368896484375	121.99026108204123
8942	112368.49	138.61036682128906	106.70195878718359
9948	125010.25	124.84198760986328	112.5441557390938
13278.5	166862.55	144.14910888671875	130.0258101100157
7665.5	96327.51	109.46247863769531	98.79280201597376
4976.5	62536.54	93.42330169677734	79.60073237335531
7464	93795.39	108.0707015991211	97.48569106234645
8676.5	109032.11	129.70681762695312	105.10596039185712
8674	109000.7	116.5082015991211	105.09081696814809
6897	86670.26	103.85626220703125	93.70983480957811
7711.5	96905.57	128.83706665039062	99.08878215633295
7484.5	94053	128.03457641601562	97.61947230225293
10370.5	130319.55	150.19834899902344	114.9092280831962
8815	110772.56	137.82301330566406	105.94152437472505
9727	122233.09	144.92074584960938	111.28702103856912
8513	106977.51	128.0558624267578	104.11094200097529
8413.5	105727.16	134.88465881347656	103.50072902945801
6386.5	80255.13	99.99501037597656	90.17507611558261
8731	109716.98	137.14675903320312	105.43554649681816
11318	142226.18	145.60488891601562	120.04384685319182
12913.5	162275.83	167.0487518310547	128.22627991538056
11386	143080.7	156.5768280029297	120.4039262497472
10225	128491.14	148.61495971679688	114.10028196686036
7453	93657.16	118.45415496826172	97.41383026506641
6670	83817.69	120.00101470947266	92.15480325725586
5912	74292.38	104.9769287109375	86.76054511397611
8832.5	110992.47	142.24456787109375	106.04663256734428
5780	72633.62	103.59163665771484	85.78650574868544
7262	91256.98	116.42061614990234	96.15750399145536
5476	68813.45	101.76813507080078	83.50005836506793
5190	65219.46	101.72628021240234	81.29030223326454
4780.5	60073.53	100.901123046875	78.01744448266967
5106.5	64170.17	100.05996704101562	80.63372579256219
5908.5	74248.4	110.43379211425781	86.73485948606655
14032.5	176337.6	179.130126953125	133.66650257823076
8047.5	101127.87	122.27725219726562	101.22447943188556
8629.5	108441.5	140.77130126953125	104.82089797026205
6719.5	84439.73	111.86880493164062	92.49612489638648
5236.5	65803.8	101.88741302490234	81.6536519453091
6108.5	76761.67	118.26778411865234	88.19061037896688
6023.5	75693.53	90.65304565429688	87.57487309561031
7430	93368.13	121.42970275878906	97.2634043069759
9680.5	121648.75	148.84234619140625	111.020698127911
6996.5	87920.61	103.59613800048828	94.38336969371016
5917.5	74361.5	120.73065948486328	86.8008928869417
6621	83201.94	128.91000366210938	91.81567962876228
5893.5	74059.91	116.31344604492188	86.6246919584519
3942	49536.63	100.0667495727539	70.84567936964125
4477.5	56265.92	75.6867446899414	75.50450358456568
7075	88907.07	133.56716918945312	94.91137855389772
9214	115786.54	127.78694152832031	108.31264545375018
8609.5	108190.17	123.50772094726562	104.69935940776993
8214	103220.17	120.802490234375	102.26626824351531
10029.5	126034.41	133.26112365722656	113.00423007091953
9634	121064.41	112.8553237915039	110.75373480826079
8114.5	101969.81	120.0345458984375	101.64498160634137
9814	123326.36	139.99513244628906	111.78359849294031
8292.5	104206.63	121.65906524658203	102.75377815300193
8130	102164.59	119.88150787353516	101.74201442224776
12334	154993.62	148.29605102539062	125.31614638490723
8269.5	103917.6	128.84291076660156	102.61118075135587
10811	135855.03	138.63401794433594	117.32430574323396
11165.5	140309.81	148.59925842285156	119.23236195236787
10841.5	136238.31	124.34492492675781	117.48968688462094
9346.5	117451.58	129.39125061035156	109.08864929435693
12548.5	157689.1	149.699462890625	126.40113301355012
13727.5	172504.85	156.2273406982422	132.2058843257438
11233	141158.04	140.8390655517578	119.59222301642396
11209	140856.45	149.24456787109375	119.46439660809591
12304.5	154622.91	147.7371826171875	125.16619343174821
9813	123313.79	132.37344360351562	111.77790323890564
10300.5	129439.9	135.2578887939453	114.52075764045811
7773	97678.4	117.72885131835938	99.48311907668767
9831	123539.99	132.10496520996094	111.88037345437932
9958.5	125142.2	122.97270965576172	112.6035346081335
12048	151399.63	156.4558868408203	123.85471341442457
8489.5	106682.2	110.48907470703125	103.96714440162894
11674	146699.81	154.46400451660156	121.9171786305699
17296.5	217354.23	175.67648315429688	148.40009361692378
13180.5	165631.05	163.70938110351562	129.54510341723383
15136	190204.59	159.74249267578125	138.8227421898567
10655.5	133900.96	122.15701293945312	116.47748266907868
12360.5	155326.62	144.14747619628906	125.45069705943837
11518.5	144745.74	152.96484375	121.10247601115336
10569	132813.97	146.74819946289062	116.00374454432898
9903.5	124451.05	119.60546875	112.29215391684623
9126.5	114686.98	127.09444427490234	107.79712753605943
14435.5	181401.84	155.71963500976562	135.57230339573212
11216	140944.41	151.5465087890625	119.50169343465215
12488	156928.84	144.97976684570312	126.09605638025604
13575	170588.48	151.3514862060547	131.46949007195485
19487	244880.86	185.92037963867188	157.51704354848118
7472	93895.92	115.10759735107422	97.53792020676438
8802	110609.19	125.04046630859375	105.86337644699843
13118.5	164851.93	163.6809539794922	129.24005945374768
13696.5	172115.3	155.7620086669922	132.05652359677336
9934.5	124840.61	132.84275817871094	112.46776541379079
10452.5	131349.99	145.8966064453125	115.36262974353649
10953	137639.46	123.34090423583984	118.09230598766474
7974	100204.24	118.96503448486328	100.76116379696191
9998.5	125644.86	117.66114807128906	112.82945354841759
7789.5	97885.74	103.97838592529297	99.58865112910482
7768	97615.57	125.87854766845703	99.45111755783715
8429.5	105928.22	120.70109558105469	103.59909624289709
10164.5	127730.87	134.31976318359375	113.76222287060219
11225	141057.51	149.62811279296875	119.54962939989485
11770.5	147912.47	147.46121215820312	122.42003945966214
8155	102478.75	124.34864044189453	101.898324261566
8283.5	104093.53	124.66963195800781	102.69800274987688
8815	110772.56	126.42984008789062	105.94152437472505
8303.5	104344.86	113.39791870117188	102.82190700287768
9346	117445.3	132.6474609375	109.08573135426481
11779	148019.28	149.88340759277344	122.46423395193995
11895.5	149483.26	138.87493896484375	123.06835907087219
9609.5	120756.54	134.498779296875	110.61281754449864
9070	113976.98	130.66046142578125	107.46293626524414
10284.5	129238.84	138.8544158935547	114.4317792303728
15759	198033.43	159.6959991455078	141.65091593590714
9551	120021.41	120.9635009765625	110.27561331393963
8356	105004.59	125.40852355957031	103.14644751908337
10192	128076.45	124.85354614257812	113.91601046359014
9272.5	116521.67	132.26007080078125	108.6559417544977
9195	115547.78	133.55235290527344	108.20091318394601
10061	126430.25	124.45384979248047	113.18154911283231
10091	126807.25	124.59412384033203	113.35016650152097
14392	180855.21	164.2417755126953	135.36788218712908
8413.5	105727.16	113.05077362060547	103.50072902945801
10416	130891.32	141.9806365966797	115.16103116055125
8794.5	110514.95	116.31555938720703	105.81826485145837
9065.5	113920.43	130.42388916015625	107.4362745668176
9670.5	121523.09	121.87822723388672	110.96334087148507
9131	114743.53	131.20269775390625	107.82370000596701
9974.5	125343.26	138.82977294921875	112.69395653255272
10037	126128.66	137.27870178222656	113.0464741179787
9911.5	124551.58	123.44920349121094	112.33749929405838
9910	124532.73	138.24850463867188	112.32899843017147
7623.5	95799.73	132.406982421875	98.52178271473022
11031.5	138625.92	139.6504364013672	118.51473342055809
11329.5	142370.7	162.4066619873047	120.10481847984711
13936	175124.94	179.09280395507812	133.20610457268552
10017	125877.33	136.3289337158203	112.93378821066848
11860.5	149043.44	134.8993682861328	122.88717435245795
10701	134472.73	141.80148315429688	116.72590273033221
7116	89422.29	115.60755157470703	95.18598951702619
10696	134409.9	156.5581512451172	116.6986296855593
9020.5	113354.95	126.18616485595703	107.16929277215341
10337.5	129904.86	134.8417510986328	114.72625590378057
10499	131934.33	135.98008728027344	115.61895164796502
11669	146636.98	139.30093383789062	121.89106713584312
13869.5	174289.28	152.71656799316406	132.88790714622735
7270	91357.51	116.99940490722656	96.21045416286441
8525.5	107134.59	126.48297119140625	104.187349225516
9130	114730.96	123.60395050048828	107.8177955786151
8708.5	109434.24	128.07630920410156	105.29960387069917
7392.5	92896.89	130.43441772460938	97.01764444911394
9306.5	116948.93	132.37155151367188	108.8549669196486
12806	160924.94	146.29156494140625	127.69144689398148
8853.5	111256.36	126.50723266601562	106.17262504672644
9337.5	117338.49	146.38565063476562	109.03611442528839
7871.5	98916.19	114.66028594970703	100.11146326162071
6801.5	85470.17	112.88827514648438	93.0587919732263
9476	119078.93	133.45541381835938	109.8417858827432
9930	124784.06	136.61814880371094	112.44229043923005
10871.5	136615.3	134.7984619140625	117.65213007246543
9795	123087.6	130.83204650878906	111.6753389996239
11508	144613.79	133.24424743652344	121.04726630871204
7553.5	94920.08	119.24420166015625	98.06841948944141
15051	189136.44	152.1830291748047	138.43239645331917
10346	130011.67	139.2825164794922	114.77341299199041
8607	108158.75	119.62541961669922	104.68415716590331
10903	137011.14	135.1728057861328	117.82245438051051
10973.5	137897.07	135.55711364746094	118.20276707485027
9237	116075.57	131.85121154785156	108.44774628695009
6852.5	86111.05	113.17365264892578	93.4070338909105
11956	150243.53	123.47663879394531	123.38092233750567
9553	120046.54	117.03535461425781	110.28715868520237
8307.5	104395.12	125.18744659423828	102.84666994068094
10971	137865.65	135.27069091796875	118.18930173788773
9144	114906.89	127.12818908691406	107.90042815975444
8969	112707.78	122.19873046875	106.86292844915712
11898	149514.68	135.54542541503906	123.08129063045678
7729	97125.48	113.69542694091797	99.20115141094922
7103.5	89265.21	128.31588745117188	95.10235068612252
11326.5	142333	126.44513702392578	120.08891582258049
8463	106349.19	119.05213165283203	103.80475069616844
8234	103471.5	119.36522674560547	102.39069494514298
9845.5	123722.2	133.27455139160156	111.96285070365994
8497	106776.45	119.28994750976562	104.01305885135135
9799	123137.87	135.552978515625	111.6981391915723
7290.5	91615.12	112.24114227294922	96.34600614914821
7406.5	93072.82	111.25394439697266	97.10946755121759
9661	121403.71	121.86470031738281	110.90882400281056
10717.5	134680.08	133.8182373046875	116.81585860104401
5761.5	72401.14	108.80340576171875	85.64910762519152
11387	143093.26	148.2206268310547	120.409213500875
10014.5	125845.92	129.68927001953125	112.91969456543127
10573.5	132870.52	132.8537139892578	116.02843757569626
6722.5	84477.43	117.29854583740234	92.51677058502491
7156.5	89931.23	109.39741516113281	95.45647595578411
10394.5	130621.14	139.82528686523438	115.04211597388867
11940.5	150048.75	135.02752685546875	123.3009196393531
7272.5	91388.93	127.8330078125	96.22699511616514