площа	окружність	дов. головної осі	дфаметр Фарета

999.5	12560.09	41.682708740234375	35.67356058711823
938	11787.26	40.17817306518555	34.558626896356614
619	7778.58	32.9571647644043	28.07374713484229
1026.5	12899.38	42.41792297363281	36.15218378840543
1155	14514.16	44.824520111083984	38.34829427978659
1136	14275.4	44.418006896972656	38.03156745151513
1451	18233.8	50.09012985229492	42.982212360588434
559	7024.6	31.337753295898438	26.678472698169138
1029	12930.8	42.288570404052734	36.19618062078487
1992	25032.21	58.481719970703125	50.36162401186487
1114.5	14005.22	44.13720703125	37.669954507635644
833	10467.79	37.92021942138672	32.56698544176895
758.5	9531.59	36.44602584838867	31.076553777431965
887	11146.37	39.24095916748047	33.60600357347016
1056	13270.09	42.97907638549805	36.667982753900326
1917.5	24096.02	57.5649299621582	49.41089785694725
2607.5	32766.81	66.94085693359375	57.61919916917395
886	11133.8	39.35667419433594	33.5870545989873
1414	17768.85	49.417240142822266	42.430657740076576
1577	19817.17	52.143802642822266	44.809583372838354
952	11963.18	40.38961410522461	34.815571898044055
721	9060.35	35.00429916381836	30.29860907292697
814	10229.03	37.25816345214844	32.19343084255579
1422.5	17875.66	51.0606575012207	42.55799868868095
607.5	7634.07	32.3626594543457	27.81174254566965
682.5	8576.55	34.47903060913086	29.47856830447755
1077.5	13540.26	43.75789260864258	37.03937917206683
518	6509.38	30.06026268005371	25.68147355921802
1139.5	14319.38	44.542232513427734	38.090109756020894
866.5	10888.76	38.87227249145508	33.215388986327085
1006	12641.77	41.87089920043945	35.78936967876878
575.5	7231.95	31.741424560546875	27.069343508757026
803	10090.8	37.43439483642578	31.975167777860612
1176.5	14784.34	45.52680206298828	38.70356991778561
1421	17856.81	49.062355041503906	42.53555445822549
496.5	6239.2	29.34117889404297	25.142860496789307
1238	15557.17	46.30121612548828	39.702273944726784
951	11950.62	40.46166229248047	34.79728160421644
1024	12867.96	42.155094146728516	36.1081333470564
1173	14740.35	45.29477310180664	38.64595691627193
854	10731.68	38.751922607421875	32.97493853222215
719.5	9041.5	35.5124626159668	30.26707538625015
1372	17241.06	48.66250228881836	41.795749250092925
836.5	10511.77	38.236351013183594	32.635331761312976
939	11799.82	40.34732437133789	34.57704343211429
1237	15544.6	46.370941162109375	39.686235861283144
959	12051.15	40.80495834350586	34.943335894001606
1778.5	22349.29	55.522865295410156	47.586306121735134
1529	19213.98	51.69896697998047	44.12236693447059
1297	16298.58	47.20073318481445	40.63731892634535
1233.5	15500.62	46.409400939941406	39.63005145632319
1521.5	19119.73	51.386661529541016	44.014020122167324
1521	19113.45	51.4104118347168	44.00678751672499
2298	28877.52	62.78824234008789	54.09163034889413
1497	18811.86	51.03288650512695	43.65821341361255
1299.5	16330	47.705360412597656	40.67646479702168
711	8934.69	34.906246185302734	30.087760240780646
1397	17555.22	49.18545150756836	42.17482239435066
781.5	9820.62	36.8780517578125	31.544202386659418
1094.5	13753.89	43.38578414916992	37.33042568351767
914.5	11491.95	40.01945114135742	34.12297706326789
1001	12578.94	41.76764678955078	35.700319106135424
24721	310653.25	199.2919464111328	177.4140771906163
24134.5	303283.07	229.6246795654297	175.29689042424792
21232.5	266815.46	189.10186767578125	164.42037171101805
13093	164531.49	168.65501403808594	129.11438866066587
18661.5	234507.33	159.0873260498047	154.1446066655439
24377.5	306336.7	219.84823608398438	176.17717503065325
28899.5	363161.83	223.2495574951172	191.82279901793174
23010.5	289158.47	197.201904296875	171.16623073529564
69357	871565.77	300.3224792480469	297.1667462960765
59489	747560.82	276.3427429199219	275.21581945220754
37175	467154.83	238.3566436767578	217.56075031018273
55773	700864.19	278.9529113769531	266.48149866081553
55532.5	697841.98	274.7149963378906	265.906327525325
53340.5	670296.49	272.66119384765625	260.605514016772
58090.5	729986.75	274.6560363769531	271.9616181990355
55343	695460.65	312.39544677734375	265.4522482938845
58563.5	735930.65	309.9467468261719	273.06659275366826
68778.5	864296.12	304.7738952636719	295.92483171840684
63291.5	795344.45	295.77056884765625	283.8753963372056
48735	612422.07	255.3867950439453	249.10104217499403
57392.5	721215.43	296.6963195800781	270.32277109265664
58966	740988.61	285.92938232421875	274.0033631086553
47659	598900.66	292.639892578125	246.33579411553882
42735	537023.85	258.9799499511719	233.26356754593542
41743	524558.01	263.3022155761719	230.540318200266
44368	557544.73	280.6583557128906	237.67854787676927
40501.5	508956.86	244.8204803466797	227.08613216374792
47072	591524.2	264.09857177734375	244.81407608586068
39287.5	493701.29	236.085693359375	223.65687696510184
23877	300047.23	191.95428466796875	174.3592286334207
79247.5	995853.46	354.8692626953125	317.649257548951
51236	643850.56	298.8874206542969	255.41280569707305
51582	648198.53	275.8226318359375	256.2737641595978
53091	667161.18	283.8087158203125	259.99530893755474
28456	357588.64	244.4044647216797	190.34522448694054
70049	880261.7	345.5788269042969	298.6455371659744
54900.5	689900.03	294.1597900390625	264.388894671718
112487.5	1413559.61	453.3089904785156	378.4488516145829
97344	1223260.78	387.0472106933594	352.0543001337999
51486	646992.16	277.80010986328125	256.03517570879706
49222.5	618548.18	281.2008972167969	250.3438305425691
52097	654670.21	270.4705810546875	257.54991858291817
51019	641123.66	281.0335693359375	254.8713564385831
41085	516289.34	250.2591552734375	228.7160831586711
55158	693135.87	287.71929931640625	265.00820139856444
53334	670214.81	271.7835388183594	260.5896350181741
55431	696566.49	277.5367736816406	265.6632101067342
57900.5	727599.14	289.9181213378906	271.5164935320473
44615	560648.62	252.58187866210938	238.33921684934538
42829	538205.09	253.4158935546875	233.5199701555785
44512.5	559360.57	247.6627655029297	238.06527515583605
52149	655323.66	283.6357727050781	257.67842171666996
47729	599780.3	278.7033386230469	246.51663276676604
59959	753467.02	293.0293884277344	276.3008683713745
45441	571028.45	251.42340087890625	240.53539895888616
46089	579171.46	279.57568359375	242.24437532644367
54486	684691.27	271.00848388671875	263.38893263468776
50122	629851.63	262.88116455078125	252.62088682691268
56474	709673.21	284.0261535644531	268.1509463891067
45664.5	573837.03	271.67425537109375	241.1262059390452
49864	626609.5	262.8489990234375	251.96987252184368
47996.5	603141.81	263.1492919921875	247.20647606582082
56102	704998.52	281.9024658203125	267.2663183768806
47999	603173.22	253.20094299316406	247.21291412008208
40381	507442.61	238.56687927246094	226.7480673698248
38030	477899.07	230.86952209472656	220.04840350767884
48078.5	604172.25	267.4384765625	247.4175568781438
35918	451358.9	246.16624450683594	213.85092463629326
46679	586585.61	266.125732421875	243.78996843326564
53697	674776.4	271.01885986328125	261.4749392076496
42456	533517.83	256.7310791015625	232.5008776570017
51390.5	645792.07	265.6864929199219	255.79760910476153
54120	680091.98	293.45599365234375	262.50280791082406
49628	623643.84	268.2173156738281	251.37289457321498
49419.5	621023.75	267.5201110839844	250.84429768491722
41598.5	522742.17	255.75344848632812	230.14094638213703
47933.5	602350.13	268.9233703613281	247.044181711618
38089.5	478646.77	233.57154846191406	220.22047506803264
63905	803053.91	289.8923034667969	285.2479151655636
53296	669737.29	263.2804260253906	260.4967845793979
44335.5	557136.32	243.32064819335938	237.59148098281176
65542.5	823631.35	304.3929138183594	288.87939154741446