площа	окружність	дов. головної осі	дфаметр Фарета

28258	355100.5	269.19659423828125	189.68184693092334
10021.5	125933.88	131.72976684570312	112.95915234085032
11716.5	147233.88	132.52174377441406	122.13890095252017
10851	136357.69	122.39543914794922	117.54115151691025
13908	174773.08	144.4619903564453	133.0722194455952
12462	156602.11	148.38894653320312	125.9647220712593
10305	129496.45	151.2969512939453	114.54577036493252
10577	132914.5	139.51611328125	116.04763963417703
13700	172159.28	153.89215087890625	132.07339536360732
11314	142175.92	158.4475860595703	120.02263207051256
14675	184411.49	148.27767944335938	136.69231989760257
16157.5	203041.13	169.22024536132812	143.43070781411626
8407	105645.48	112.23779296875	103.46074063425466
17501.5	219930.34	163.5259552001953	149.27693020752554
9566	120209.9	130.50265502929688	110.362174158253
12310	154692.02	146.01268005371094	125.19416438352809
14209	178555.56	139.53553771972656	134.50450063526472
12972	163010.96	144.79098510742188	128.51639340685114
13734	172586.53	149.0245361328125	132.23718050303674
15947.5	200402.2	165.0722198486328	142.49557059664698
11593	145681.93	137.78480529785156	121.49348147993267
16647	209192.37	203.4246368408203	145.58715156635992
9749.5	122515.83	132.55715942382812	111.41565842104721
9886	124231.14	145.5624542236328	112.1928970089097
12758	160321.76	135.34030151367188	127.45191293868918
9979	125399.81	131.26034545898438	112.71937462970679
14876	186937.33	142.99484252929688	137.62525737480124
7872.5	98928.75	120.99944305419922	100.11782216931992
8643	108611.14	135.56857299804688	104.90285689696927
22029	276824.58	186.1358642578125	167.4759503062183
9367	117709.19	126.59424591064453	109.20821771063873
15520	195030.07	148.6337432861328	140.5726777659504
18381	230982.46	156.6158905029297	152.98175078020589
9722	122170.26	128.68484497070312	111.25841475553771
11036	138682.47	125.51289367675781	118.53890338491097
14454.5	181640.6	148.87298583984375	135.66149416608388
13559.5	170393.7	153.82456970214844	131.39441238818506
12809	160962.64	133.9866943359375	127.70640284853653
6611	83076.28	106.81047058105469	91.74631671213925
11533	144927.95	127.9564208984375	121.17867662848374
9523	119669.55	139.0677947998047	110.11385101118276
7225	90792.03	105.38426208496094	95.91222920311857
6962.5	87493.36	113.71727752685547	94.15375898082121
11125	139800.87	148.77574157714844	119.01592303208292
12009.5	150915.83	130.89434814453125	123.65666303316185
6462	81203.89	118.99288940429688	90.70652643596613
9053	113763.35	121.86347961425781	107.36217955354404
10123	127209.37	141.90634155273438	113.52974901475847
15033	188910.25	156.89010620117188	138.3495936965617
8844	111136.98	114.22163391113281	106.11564697836874
7952	99927.78	110.56639862060547	100.62206944668756
7715	96949.55	111.7059326171875	99.11126619931652
12119	152291.85	161.7400360107422	124.21912108305
9214	115786.54	117.70941162109375	108.31264545375018
9240	116113.26	110.41788482666016	108.46535572869756
10971.5	137871.94	121.68299865722656	118.19199492800618
12860.5	161609.81	149.05174255371094	127.96287416694953
8582	107844.59	118.78824615478516	104.5320131486865
10482	131720.7	154.2640838623047	115.5253085168526
14194.5	178373.35	149.71286010742188	134.43585354265903
19758	248286.35	181.96075439453125	158.60853358151115
9664.5	121447.69	124.71104431152344	110.92891228211417
13502	169671.14	145.42469787597656	131.11552285299467
9506	119455.92	130.17091369628906	110.01552214234343
11824	148584.77	135.82473754882812	122.69793957906776
12230	153686.71	137.76824951171875	124.78669653497138
17104	214935.2	157.1291046142578	147.57197963417792
13506	169721.4	160.0359344482422	131.13494305940392
11004	138280.34	169.45802307128906	118.36692084474332
7219	90716.63	114.36888122558594	95.87239578441304
9973	125324.41	127.5140151977539	112.68548255939528
11519.5	144758.31	136.95335388183594	121.10773276540482
10210.5	128308.93	140.79930114746094	114.0193508643089
7980	100279.64	139.45849609375	100.79906530809994
9975.5	125355.83	146.83584594726562	112.69960549401056
8709	109440.52	135.90966796875	105.30262672459092
12042	151324.23	138.5789337158203	123.823869256702
8684	109126.36	138.83758544921875	105.15137757766254
9671	121529.37	115.1319580078125	110.96620943843111
12107	152141.05	133.95082092285156	124.15760616292751
14417	181169.37	150.46604919433594	135.4854033335209
14705	184788.48	147.9638671875	136.83196814096686
9064	113901.58	110.73767852783203	107.42738586356607
11904	149590.08	126.06363677978516	123.11232083153732
18527	232817.15	159.40447998046875	153.58811492204845
0	0	0	0
14918.5	187471.4	143.73316955566406	137.8217114540794
49826.5	626138.27	295.93695068359375	251.87510828929996
7956	99978.04	118.40980529785156	100.64737362650331
13912	174823.35	141.6027374267578	133.09135413825942
13316.5	167340.07	140.25390625	130.21172910865516
6077	76365.83	94.15496826171875	87.96292806265367
8639	108560.88	130.17506408691406	104.87857944769786
10095	126857.51	121.7909164428711	113.3726298720351
9237	116075.57	118.50761413574219	108.44774628695009
9339.5	117363.62	153.98965454101562	109.04779102785187
8858.5	111319.19	109.79729461669922	106.20260122537695
8784	110383	151.1789093017578	105.75507628929057
8511.5	106958.66	132.4920654296875	104.10176936543075
8968	112695.21	128.01937866210938	106.85697093397762
11653.5	146442.2	133.97576904296875	121.81008593122007
16415	206276.97	153.09642028808594	144.5691084804347
11661.5	146542.73	136.3238067626953	121.85188940237694
10615	133392.02	130.61932373046875	116.25591497796468
11708.5	147133.35	130.4334259033203	122.09719574802548
14879.5	186981.31	172.72007751464844	137.64144654095603
11513	144676.62	137.37429809570312	121.07355978303409
9142	114881.76	122.48384857177734	107.8886273801315
12478.5	156809.46	148.243408203125	126.04808470967629
15351	192906.36	140.91835021972656	139.80522254633223
11737	147491.49	133.8557586669922	122.24570559556113
10219	128415.74	133.30126953125	114.06680019904401
7361.5	92507.34	111.99442291259766	96.81401194335405
15104	189802.46	143.44189453125	138.6759174611075
17273	217058.92	159.21246337890625	148.29924698463734
9997.5	125632.29	132.53684997558594	112.82381108830613
14742.5	185259.72	157.04928588867188	137.00632827814246
11704.5	147083.08	134.71681213378906	122.0763378028384
24150	303477.85	251.45309448242188	175.35317221354788
14010.5	176061.14	139.7653350830078	133.56168103730948
11776	147981.58	134.3717803955078	122.44863771721299
15474	194452.02	156.4207305908203	140.36420026214628
11644	146322.82	134.92007446289062	121.76042566817938
12583	158122.64	132.92733764648438	126.5747731240414
17127	215224.23	154.55490112304688	147.6711674047413
7996	100480.7	107.8382339477539	100.90006640088183
7692.5	96666.81	105.83143615722656	98.96663679177564
9729.5	122264.5	143.4406280517578	111.30132142297667
14949.5	187860.96	146.7007598876953	137.96483093172085
11045.5	138801.85	139.40220642089844	118.58991268810446
14450.5	181590.34	141.89474487304688	135.6427220354836
14258.5	179177.6	146.26907348632812	134.73858411237043
13311	167270.96	143.64157104492188	130.18483621363032
9212	115761.41	127.44146728515625	108.30088959053069
11863	149074.85	143.6551971435547	122.90012497631251
15388	193371.31	151.30487060546875	139.9736050631857
13985	175740.69	156.127197265625	133.44008030993257
12597	158298.57	142.3707733154297	126.64516787082263
13337	167597.68	138.23773193359375	130.31191736803225
10134	127347.6	120.44609069824219	113.59141493240648
12566	157909.01	143.63607788085938	126.48924112011288
12418	156049.19	132.50025939941406	125.7421515106261
14044.5	176488.39	137.65591430664062	133.72364333218337
20176	253539.09	179.517333984375	160.27751262911664
10818	135943	151.8216552734375	117.3622826761008
15837.5	199019.89	158.68560791015625	142.00327915137433
12119	152291.85	140.11949157714844	124.21912108305
27525	345889.35	197.2434844970703	187.20555138359373
9001	113109.9	137.31898498535156	107.05339388436595
13835	173855.74	136.68174743652344	132.7225267293046
12009	150909.54	151.54051208496094	123.65408886375157
16522	207621.58	163.8839569091797	145.03952481346028
15231	191398.39	165.99964904785156	139.2577161447841
10671.5	134102.02	141.09634399414062	116.56489952657827
8487.5	106657.07	119.40437316894531	103.9548971234145
14678.5	184455.47	149.3622283935547	136.70861954315495
14281	179460.34	150.609375	134.84485136023125
16103	202356.27	185.1943817138672	143.18860425631058
10059	126405.12	140.3089141845703	113.17029902094896
20686.5	259954.23	178.44931030273438	162.29254401285337
13162	165398.57	149.03875732421875	129.45415747593512
12015	150984.94	146.93338012695312	123.68497536076474
14353	180365.12	141.1577911376953	135.1843451941969
14820	186233.61	162.7953643798828	137.3659712336906
15456.5	194232.11	153.85125732421875	140.28480681527506
9325	117181.41	117.95170593261719	108.9631073100221
21870	274826.53	190.44345092773438	166.8704552740179
13546	170224.06	165.17677307128906	131.3289871771747
16964	213175.91	154.29705810546875	146.9667841278678
9814	123326.36	126.39115905761719	111.78359849294031
13011	163501.05	144.23561096191406	128.70943911209156
14666	184298.39	145.02224731445312	136.65039759578417
12365	155383.17	129.0927734375	125.47353095633473
13384	168188.3	139.1207275390625	130.5413270452519
12083	151839.46	140.06192016601562	124.03448479771653
15117	189965.82	145.1189727783203	138.73558374750672
11317	142213.62	148.67434692382812	120.03854350902395
15825	198862.81	153.4913787841797	141.94722891072567
14108	177286.36	141.61480712890625	134.02560761706576
9399.5	118117.6	113.44871520996094	109.39750957283334
10930	137350.43	124.70767974853516	117.96825091504633
12669.5	159209.63	138.90963745117188	127.00908791114966
14217.5	178662.37	145.68844604492188	134.54472575048112
13480	169394.68	145.00921630859375	131.0086602596561
12642.5	158870.34	135.07540893554688	126.8736810544815
9814	123326.36	118.3785629272461	111.78359849294031
14960.5	187999.19	143.6359100341797	138.0155795879958
16006	201137.33	166.14202880859375	142.75668864550977
13139	165109.54	149.75399780273438	129.34100037604202
13397	168351.67	157.72021484375	130.60470964255836
11495	144450.43	137.082275390625	120.9788765311147
21535	270616.79	201.7067108154297	165.58748019059814
11871.5	149181.67	139.33509826660156	122.94414689330877
11014	138406.01	126.22027587890625	118.42069221936292
11455	143947.78	134.52426147460938	120.7682035344622
19357	243247.24	165.96890258789062	156.99075726754918
12509	157192.73	144.94879150390625	126.20203431439666
15367	193107.42	146.4304656982422	139.8780614819395
12699	159580.34	137.14488220214844	127.15686760294086
12421	156086.89	135.0834197998047	125.7573392894246
11508.5	144620.08	137.25079345703125	121.0498959131507
13912	174823.35	150.8843536376953	133.09135413825942
15508	194879.28	148.5027618408203	140.5183221496503
12437	156287.95	139.06997680664062	125.83830981808052
12052	151449.9	144.5309600830078	123.87527191957312
12933	162520.87	168.4251251220703	128.3230572892489
12587	158172.91	136.00404357910156	126.59488990311375
14042	176456.98	164.3153076171875	133.71174102213743
13413	168552.73	144.95497131347656	130.6826767920398
10562	132726.01	124.92977142333984	115.9653227111139
14952	187892.37	158.0200958251953	137.97636635627188
12768	160447.42	143.71571350097656	127.50185295586319
6536.5	82140.08	113.858642578125	91.22790299114297
4398.5	55273.18	92.47840881347656	74.83544706566276
10618	133429.72	148.49459838867188	116.27234187887487
7006	88039.99	108.47354888916016	94.44742585382912
8250	103672.56	124.33531188964844	102.49012754438884
7345.5	92306.28	124.9559326171875	96.70874353362336
9412.5	118280.96	132.85108947753906	109.47313467157008
8712.5	109484.5	120.75016784667969	105.32378427261861
12940	162608.84	141.0435791015625	128.35778008704034
10195	128114.15	126.69965362548828	113.93277473394117
10011.5	125808.22	119.68761444091797	112.90277986885921
9162	115133.09	132.79269409179688	108.00657715557679
10473	131607.6	131.77490234375	115.47570199834838
11736.5	147485.21	139.7276611328125	122.24310171451081
9475.5	119072.64	126.6329574584961	109.83888795020657
16746.5	210442.73	166.62722778320312	146.02159441639927
7985	100342.47	124.29407501220703	100.83063901766305
10542	132474.68	133.85552978515625	115.85547583346282
8617	108284.42	122.00926208496094	104.74495289503403
6487.5	81524.33	93.52454376220703	90.88532085254126
4	50.27	2.4494898319244385	2.256758334191025
9875	124092.91	134.69166564941406	112.13046198183496
7925	99588.49	124.39250946044922	100.45109950630787
6089.5	76522.91	109.47688293457031	88.0533486453796
5929.5	74512.29	92.94618225097656	86.88885935784373
8207.5	103138.49	106.0505142211914	102.22579695660899
8654	108749.37	123.60774993896484	104.96959093060285
9936.5	124865.74	134.1587371826172	112.47908577269351
9274.5	116546.8	146.01609802246094	108.66765920754099
7704	96811.32	121.21459197998047	99.04058487630056
7184.5	90283.09	106.80882263183594	95.64303168108891
10479	131683	148.7816162109375	115.50877537780309
7081	88982.47	101.99492645263672	94.95161513249623
8885	111652.2	140.9052276611328	106.36133392813349
7045.5	88536.36	130.43472290039062	94.71330008204544
9660.5	121397.42	133.96755981445312	110.90595395159828
10260	128930.96	136.9864044189453	114.29539679699603
13152.5	165279.19	145.71363830566406	129.4074306681391
14571	183104.59	144.848388671875	136.20709748884622
9313	117030.61	140.51687622070312	108.8929744295681
7.5	94.25	4.3329925537109375	3.0901936161855166
6731	84584.24	122.66807556152344	92.57524169891418
8002.5	100562.38	110.40753173828125	100.94106922726318
8512.5	106971.23	108.13490295410156	104.10788454559085
9249	116226.36	130.8087158203125	108.51816690884306
6441.5	80946.28	103.46851348876953	90.56253379522654
6147.5	77251.76	115.64724731445312	88.47169095964773
12075	151738.93	156.828125	123.99341717477219
7434	93418.4	131.47640991210938	97.28958205050117
0	0	0	0
0	0	0	0
9772	122798.57	154.47061157226562	111.54414745360695
7338.5	92218.31	116.87033081054688	96.66265255536386
8130	102164.59	135.52723693847656	101.74201442224776
8369	105167.96	142.34751892089844	103.22665232336355
8356	105004.59	112.31709289550781	103.14644751908337
6032	75800.35	94.01325225830078	87.63664150252737
7137	89686.19	115.97523498535156	95.32633755041078
10385	130501.76	136.8375244140625	114.98953288049597
11728.5	147384.68	138.1080322265625	122.20143207191295
12277	154277.33	136.56246948242188	125.02624480769464
6231.5	78307.34	99.07920837402344	89.07408277954461
10994	138154.68	132.54566955566406	118.31312503191849
7917	99487.96	130.30303955078125	100.40038583426004
15965	200622.11	168.0908660888672	142.57373296542696
18998	238735.91	169.12393188476562	155.52814816257094
9374	117797.16	142.27255249023438	109.2490159788518
8811	110722.29	127.64391326904297	105.91748499969927
16784	210913.96	157.8128204345703	146.18499416436345
15107.5	189846.44	148.60739135742188	138.69198398640953
12254	153988.31	133.48171997070312	124.90907645637559
9757.5	122616.36	119.89952087402344	111.46136037996912
8953.5	112513	112.9824447631836	106.7705496088986
11537	144978.22	142.0385284423828	121.1996890573964
12237	153774.68	134.37338256835938	124.82240307302285
9532	119782.64	126.89469146728516	110.16587194052235
11769	147893.62	130.65199279785156	122.41223877532887
16061	201828.48	163.8164520263672	143.00174938787094
11279	141736.09	129.13568115234375	119.83684251960204
9240.5	116119.55	124.42852783203125	108.46829035771363
10781	135478.04	127.69273376464844	117.16140803092881
8767	110169.37	117.16122436523438	105.65269087294072
12292	154465.83	143.44952392578125	125.10259982863913
9612.5	120794.24	124.685791015625	110.63008236355405
11717.5	147246.45	129.53428649902344	122.14411310183668
13651.5	171549.81	153.1464080810547	131.83940854293937
13547	170236.62	145.7472381591797	131.33383460680363
10911	137111.67	125.41939544677734	117.86567215523509
10262	128956.1	153.4482421875	114.30653615639064
11854.5	148968.04	136.0012969970703	122.85608728533961
11289	141861.76	130.75717163085938	119.88995462721326
7080	88969.9	101.69168853759766	94.9449102202164
10260	128930.96	140.81655883789062	114.29539679699603
9291	116754.15	130.4474334716797	108.76428002857554
8741	109842.65	131.5107879638672	105.49590921230102
9699	121881.23	152.61642456054688	111.12673100737888
15607	196123.35	152.3462677001953	140.9661291753508
16247.5	204172.11	169.1080322265625	143.82961970013184
15169	190619.28	144.2740478515625	138.97399272557323
13458.5	169124.5	139.1670379638672	130.9041420766287
10067.5	126511.94	132.71070861816406	113.21810419107561
13629.5	171273.35	135.72666931152344	131.73313317069437
11162	140265.83	157.08206176757812	119.21367286655456
12318	154792.55	152.10525512695312	125.23483825217221
14699	184713.08	151.06198120117188	136.80404989641994
11831	148672.73	134.82733154296875	122.73425379152191
10612.5	133360.61	138.22756958007812	116.24222412059189
10548	132550.08	149.01058959960938	115.88844082938772
18012	226345.47	164.33245849609375	151.43840556401057
8806	110659.46	120.85116577148438	105.88742810616303
14033	176343.88	141.3003692626953	133.66888393066105
15289	192127.24	157.43092346191406	139.52261250226036
13032	163764.94	151.07254028320312	128.8132669680753
14227	178781.75	145.62570190429688	134.5896690052664
13800	173415.91	148.4877166748047	132.5545386523798
9982	125437.51	121.102294921875	112.73631684398065
14341.5	180220.6	146.61509704589844	135.13017772066806
6480.5	81436.36	102.90069580078125	90.83627507585405
13616	171103.7	133.00135803222656	131.66787626871627
12797.5	160818.13	155.95339965820312	127.64906217339885
15938	200282.81	157.01821899414062	142.4531216365195
12177	153020.69	134.95985412597656	124.51601477818055
14378	180679.28	143.40281677246094	135.30202575793967
12877	161817.15	152.063720703125	128.044935930925
17313	217561.57	160.2971649169922	148.47085989513184
11038.5	138713.88	128.31944274902344	118.55232901364315
19739	248047.59	171.71243286132812	158.53225341717496
15340	192768.13	163.9329071044922	139.755123756653
12295	154503.53	150.8530731201172	125.11786524121496
11207	140831.32	132.67039489746094	119.45373823303719
15674	196965.29	203.5945587158203	141.26838508377924
9561	120147.07	165.32545471191406	110.33332808908146
5939	74631.68	131.3874053955078	86.95843637153402
5778	72608.49	117.32524108886719	85.77166250854516
5584	70170.61	114.24356842041016	84.31944981913217
4820	60569.91	117.91063690185547	78.33910010731222
7508	94348.31	168.94610595703125	97.77260609123397
7481	94009.02	139.47552490234375	97.596644584554
6440	80927.43	118.00044250488281	90.55198875836162
7150.5	89855.83	150.2864532470703	95.41645227437867
2659	33413.98	78.79158020019531	58.18542729456232
7531.5	94643.62	164.5201873779297	97.92550041318593
8614	108246.72	132.89434814453125	104.7267178820605
8563	107605.83	127.82371520996094	104.41623543092904
9371	117759.46	143.84451293945312	109.2315328726701
5108	64189.02	120.03121948242188	80.6455677300818
6977.5	87681.85	124.25213623046875	94.25512677509695
6675	83880.52	107.51807403564453	92.18933756735217
7446	93569.2	111.5610580444336	97.36807305322428
8038	101008.49	120.48267364501953	101.1647145035325
8946.5	112425.03	139.90101623535156	106.72880392365097
9828	123502.29	117.53790283203125	111.86330160359643
6049	76013.98	128.97096252441406	87.76004789255188
9912	124557.87	128.65223693847656	112.34033277240607
8750.5	109962.03	117.04463195800781	105.55322181821377
8310	104426.54	113.08406066894531	102.86214374953111
12275	154252.2	132.8350372314453	125.01606061472312
7075	88907.07	105.4100112915039	94.91137855389772
7765	97577.87	120.6715316772461	99.43191170277548
9535	119820.34	118.90682983398438	110.18320679236821
10592	133103	132.2907257080078	116.12989820814812
14603	183506.71	140.9034423828125	136.3565805957585
6825	85765.48	102.20246124267578	93.21941800299702
7827	98356.98	110.68965911865234	99.82808180387981
12118	152279.28	151.1587677001953	124.21399600327132
11058	138958.93	135.91571044921875	118.656996783508
12268	154164.23	130.65806579589844	124.98040940407812
9662	121416.27	115.91929626464844	110.91456388243675
9978	125387.25	133.80459594726562	112.7137266590341
9095	114291.14	117.16571044921875	107.61093652304261
11628.5	146128.04	129.9960479736328	121.67935751783389
13360	167886.71	142.1076202392578	130.4242320953502
16313	204995.2	171.23333740234375	144.1192447012706
12200	153309.72	144.27980041503906	124.63355264843005
10913.5	137143.09	144.37167358398438	117.87917446040754
9510	119506.18	117.62322235107422	110.03866625160174
7181	90239.11	103.04851531982422	95.61973212022299
7818	98243.89	106.11285400390625	99.77067084438944
6880	86456.63	125.53844451904297	93.59427369117151
9485	119192.03	119.4520034790039	109.8939356007101
6234	78338.75	121.6784896850586	89.09194869279156
10258	128905.83	134.9104766845703	114.28425635184095
10506.5	132028.57	184.8487091064453	115.66024069125909
4794.5	60249.46	91.578857421875	78.13160050346299
5044	63384.77	85.08245849609375	80.13875631455832
7738	97238.58	134.02159118652344	99.25889177882598
7784	97816.63	100.85816955566406	99.55348620826146
7703	96798.75	121.8845443725586	99.03415680004025
11918.5	149772.29	138.78475952148438	123.18727821461937
7967	100116.27	123.48925018310547	100.71692734046766
8593	107982.82	136.59043884277344	104.59898378048065
7313	91897.87	114.51801300048828	96.49456352897941
18713	235154.49	163.9303436279297	154.35715597480117
9754	122572.38	128.34182739257812	111.4413680791239
6177.5	77628.75	112.7606201171875	88.68730059936128
9160	115107.95	113.29525756835938	107.99478797504113
9472.5	119034.95	129.45249938964844	109.82149874912393
8487	106650.79	123.68341064453125	103.95183507840218
9669.5	121510.52	139.66085815429688	110.95760351511137
11840	148785.83	142.2803192138672	122.78092771136862
10128	127272.2	136.17227172851562	113.55778312858052
12148.5	152662.55	132.5103302001953	124.37021592493568
8353	104966.89	124.76803588867188	103.12792985982418
7579.5	95246.81	119.56967163085938	98.23705578507617
4666	58634.69	99.27600860595703	77.07746568053642
7979	100267.07	129.46578979492188	100.79274937931727
11427	143595.92	131.5836181640625	120.62051350283957
11423.5	143551.93	143.39578247070312	120.60203953201675
9103.5	114397.95	123.02550506591797	107.66121026394117
7232	90879.99	118.50352478027344	95.958680626219
6047	75988.84	98.6625747680664	87.7455385020431
12237	153774.68	149.03106689453125	124.82240307302285
9727	122233.09	118.8481674194336	111.28702103856912
8153	102453.62	113.12612915039062	101.8858282992575
9876	124105.48	115.74539947509766	112.13613932985417
7646	96082.47	112.04423522949219	98.6670642060716
6911.5	86852.47	131.0072784423828	93.80828915099708
9669	121504.24	131.05984497070312	110.9547347256722
6862.5	86236.72	102.30567932128906	93.47516448632254
6929.5	87078.67	116.08477020263672	93.93036476689691
9212	115761.41	114.40581512451172	108.30088959053069
9491	119267.42	113.49066162109375	109.92868833512674
10107	127008.31	114.16515350341797	113.43999329442103
9216	115811.67	123.80043029785156	108.32440004116921
8619.5	108315.83	117.25608825683594	104.76014631454433
8033	100945.66	122.56177520751953	101.13324509209404
10125	127234.5	121.18407440185547	113.5409634909072
7839	98507.78	109.90589141845703	99.90457842951413
6332	79570.26	100.45159912109375	89.78949157481097
9472	119028.66	115.13043975830078	109.81860028124316
9544.5	119939.72	125.1050033569336	110.2380825065674
9887	124243.71	112.8797378540039	112.19857119766078
8893	111752.73	118.4020004272461	106.40920670378951
5606	70447.07	105.43538665771484	84.48538860528086
9881.5	124174.59	126.86174774169922	112.16735960742105
5987	75234.86	101.92192077636719	87.30913557199739
9008	113197.87	112.9571304321289	107.09501304437264
9986	125487.78	123.93943786621094	112.75890250319632
11069	139097.16	141.8941192626953	118.7159994300411
5920	74392.91	113.64216613769531	86.81922658508404
5631	70761.23	103.68173217773438	84.67356066921776
17162.5	215670.34	170.03228759765625	147.8241309344223
17449.5	219276.88	155.37730407714844	149.05500137820343
18109	227564.41	163.49151611328125	151.8456285693107
12768	160447.42	163.6090087890625	127.50185295586319
17552.5	220571.22	168.9440460205078	149.49427115767327
18345	230530.07	187.76116943359375	152.83186659910479
21184.5	266212.28	193.0233154296875	164.23441519803958
16503	207382.81	160.41400146484375	144.9561044135927
17035	214068.12	159.1202850341797	147.2740155104202
14159.5	177933.52	139.27944946289062	134.27000906262552
18016	226395.73	211.83384704589844	151.45521990987532
12447	156413.62	156.35537719726562	125.88888995188802
12393	155735.03	170.49859619140625	125.61551527539451
9650	121265.48	133.5080108642578	110.84566571000565
6251.5	78558.67	113.522216796875	89.21690991012785
6206	77986.9	113.52603149414062	88.8916453589786
7121	89485.13	102.35138702392578	95.21942447872227
14417.5	181175.65	187.63037109375	135.487752716691
5440.5	68367.34	106.67671203613281	83.22895976240272
7754	97439.64	107.29972839355469	99.36145847297357
7780	97766.36	110.70573425292969	99.5279039166382
7316	91935.57	101.24266052246094	96.51435390283899
6646	83516.1	104.92335510253906	91.98885809873875
10993	138142.11	129.9586181640625	118.30774410525139
6441	80939.99	105.64932250976562	90.55901891937204
12545	157645.12	128.7678680419922	126.38350402130263
7499.5	94241.5	113.58658599853516	97.71724497621366
10892	136872.91	125.282958984375	117.76300404310088
7025	88278.75	111.2996826171875	94.57540801796479
26079	327718.38	242.93983459472656	182.2218814718702
4261.5	53551.59	119.4158706665039	73.66077870813542
8319.5	104545.92	122.10791015625	102.9209230060836
8975	112783.18	159.7137451171875	106.89866656791415
8437	106022.47	121.05967712402344	103.64517373679571
6202	77936.63	92.16117095947266	88.86299374006865
11613	145933.26	128.0477294921875	121.59823532029338
9716	122094.86	125.59679412841797	111.22407750413954
9683	121680.17	135.8225555419922	111.03503281248932
8266	103873.62	149.441162109375	102.58946377080278
11556	145216.98	159.92489624023438	121.29944838687248
8734	109754.68	112.72591400146484	105.45365893944559
16885	212183.17	151.1327667236328	146.62417847290132
13966	175501.93	139.92306518554688	133.34940375483978
10087	126756.98	133.25051879882812	113.32769867840601
7330.5	92117.78	112.69091796875	96.60995022605648
11761.5	147799.37	145.94149780273438	122.3732278948407
11792	148182.64	132.1168975830078	122.53179469638498